0.10489274998777842
0.10615766105184565
0.1064106432646591
0.10691660769028599
0.10890884261619188
0.10916182482900533
0.11086945476549609
0.11188138361674987
0.11191300639335156
0.11197625194655492
0.11517015238332468
0.11703589620282384
0.11738374674544233
0.11820593893708603
0.11988194609697511
0.12029304219279696
0.12279124154432974
0.12595351920449782
0.12639623807692135
0.12718680749196337
0.12725005304516673
0.12955851573708943
0.13015934849252137
0.13145588233319028
0.13265754784405415
0.13316351226968104
0.13490276498277348
0.1381599109727466
0.1404683736646693
0.14135381140951636
0.1422708719309651
0.1450852990485147
0.14616047345297184
0.148026217272471
0.1513149860390458
0.15169445935826598
0.15175770491146934
0.1519790643476811
0.16061208235993996
0.16156076565799038
0.16212997563682063
0.162193221190024
0.16769558431871645
0.16807505763793662
0.1682647942975467
0.16915023204239377
0.1692767231488005
0.17000404701063915
0.17285009690479042
0.1746842179476879
0.1774986450652375
0.17772000450144926
0.17778325005465262
0.17958574832094842
0.18100877326802406
0.18135662381064255
0.18198907934267616
0.18202070211927784
0.1824317982150997
0.18543596199225937
0.18559407587526777
0.18660600472652156
0.1903374923655199
0.19090670234435014
0.19188700841900225
0.19274082338724763
0.19429033944073
0.19473305831315352
0.19565011883460226
0.19846454595215185
0.1985277915053552
0.20206954248474346
0.20311309411259892
0.20450449628307288
0.21380159260396703
0.2138332153805687
0.2151613719978393
0.2182920268814057
0.21936720128586285
0.22056886679672671
0.22116969955215865
0.2212645678819637
0.22385763556330152
0.22524903773377547
0.2270199132234696
0.2303086819900444
0.23065653253266288
0.23400854685244105
0.23416666073544945
0.23865709501288812
0.24466542256720747
0.24529787809924108
0.24570897419506293
0.24732173580174865
0.2513378284301621
0.251843792855789
0.2523181345048142
0.254816333856347
0.2581051026229218
0.2587691809315571
0.26133062583629324
0.2632279924323941
0.2646510173794697
0.26689623451818906
0.2706277221571874
0.2718926332212546
0.27464381478560085
0.2775531102329555
0.2778060924457689
0.27926074016944624
0.2803042917973017
0.2819170534039874
0.2835930605638765
0.2847947260747404
0.28517419939396055
0.28568016381958744
0.28681858377724795
0.28896893258616224
0.2915303774908984
0.29289015688477066
0.293649103523211
0.29453454126805806
0.29500888291708327
0.29504050569368495
0.29965743107753035
0.29994203606694547
0.3028197087376984
0.3028829542909018
0.30525466253602784
0.30544439919563793
0.30901777295162786
0.3119270683989825
0.31316035668644804
0.3176824137404884
0.3195165347833859
0.320591709187843
0.32451293348645144
0.32859227166806826
0.33241862763687163
0.3389329196168179
0.34079866343631704
0.34440365996890865
0.34620615823520445
0.3480719020547036
0.3489573397995507
0.35101282027865993
0.3533529057471843
0.3571792617159877
0.3617329415466297
0.3629346070574936
0.3639149131321457
0.3661917530474667
0.36910104849482134
0.369132671271423
0.3691642940480247
0.3700181090162701
0.37156762506975244
0.375773454357776
0.3764375326664113
0.37782893483688523
0.379536564773376
0.3821612552313155
0.38484919124245837
0.3863038389661357
0.3888652838708718
0.3888969066474735
0.3925651487332685
0.39275488539287856
0.39556931251042815
0.39575904917003824
0.39658124136168194
0.39673935524469034
0.40066057954329876
0.4030955333416282
0.404992899937729
0.4053407504803475
0.407870572608482
0.41021065807700635
0.41100122749204837
0.4155232845460887
0.41780012446140974
0.42308112815389043
0.42317599648369547
0.42501011752659296
0.4300697617828619
0.43010138455946356
0.43196712837896273
0.43291581167701315
0.4353191426987409
0.43803870148648544
0.4397463314229762
0.4441735201472115
0.44575465897729555
0.4473041750307779
0.4494229010630905
0.4494545238396922
0.4514467587655981
0.45514662362799474
0.4577080685327309
0.4591943390330099
0.459478944022425
0.46102846007590736
0.46185065226755107
0.46286258111880485
0.4652659121405326
0.46529753491713427
0.4664359548747948
0.4693452503221494
0.46975634641797126
0.47418353514220657
0.4748159906742402
0.47604927896170574
0.4787688377494503
0.47911668829206877
0.4869907596658873
0.4892675995812083
0.4918922900391478
0.49461184882689235
0.49578189156115454
0.4961613648803747
0.4994501336469495
0.5028653935199361
0.508747229967859
0.5095061766063007
0.5117830165216257
0.5142495930965612
0.5142812158731629
0.515830731926648
0.5223134011300039
0.5223450239066056
0.523262084428056
0.5300293586208276
0.5308831735890744
0.5331283907277977
0.5338240918130359
0.5366385189305904
0.538725622186305
0.539927287697171
0.5416349176336648
0.5428682059211325
0.5459988608047044
0.5473902629751808
0.547485131304986
0.5502046900927353
0.5522285477952464
0.5530191172102898
0.5533985905295107
0.5576992881473468
0.5596599002966545
0.560798320254317
0.5609248113607239
0.5637392384782784
0.5654152456381705
0.5655417367445774
0.5660793239468069
0.5696843204794049
0.5698424343624136
0.5719611603947299
0.5728149753629768
0.5737320358844271
0.5747123419590809
0.5780959790554667
0.578538697927891
0.5789814168003153
0.5834086055245584
0.5852427265674591
0.5866341287379355
0.5873614525997755
0.591851886877222
0.5942235951223522
0.5970696450165085
0.5973542500059241
0.6060505135714016
0.6109520439446707
0.6116161222533072
0.6159484426477451
0.6167073892861867
0.6186680014354944
0.6206918591380055
0.6232216812661444
0.6252771617452573
0.6263207133731146
0.6295778593630934
0.6298940871291108
0.6303684287781368
0.6322341725976393
0.637420307960324
0.6393492973330299
0.640898813386515
0.6422902155569914
0.642574820546407
0.6447251693553251
0.6456422298767754
0.650132664154222
0.6505437602500446
0.6535163012506078
0.6560777461553484
0.6562358600383571
0.6631928708907391
0.664521027508012
0.6671140951893544
0.6687901023492464
0.6699601450835106
0.6706558461687488
0.6740078604885329
0.6758736043080353
0.6759052270846371
0.6792256186278194
0.6796050919470402
0.6803324158088802
0.6803956613620836
0.6830519745966295
0.6845698678735128
0.6846331134267163
0.6848544728629284
0.6858031561609805
0.6898508715660028
0.6902619676618253
0.6920328431515226
0.6922542025877347
0.6940883236306354
0.694625910832865
0.6964284090991639
0.6988001173442941
0.700381256174381
0.7015512989086452
0.7055041459838622
0.7064528292819143
0.706610943164923
0.7077809858991873
0.7081920819950098
0.7098997119315036
0.7108483952295557
0.7109116407827591
0.7132517262512876
0.7133149718044911
0.7159080394858335
0.7167302316774786
0.7178686516351411
0.7180900110713533
0.7182797477309637
0.7206198331994922
0.7210625520719165
0.7237821108596658
0.7282725451371124
0.7298853067438009
0.7306442533822426
0.7314664455738877
0.7315296911270912
0.7324783744251433
0.7342492499148405
0.7370004314791916
0.7377277553410315
0.738866175298694
0.7402259546925687
0.7402892002457722
0.7412378835438242
0.744020687884777
0.7460761683638899
0.7480051577365958
0.7512306809499729
0.7513255492797781
0.7547408091527656
0.7599901900686539
0.7602431722814678
0.7605910228240869
0.7616029516753424
0.7648600976653213
0.7654609304207542
0.7675480336764688
0.7685915853043261
0.770520574677032
0.7716273718580928
0.7764340339015567
0.7788373649232887
0.7789954788062974
0.783359421977337
0.7871541551695453
0.7896839772976842
0.7904745467127277
0.7908540200319485
0.7939214293623169
0.7970520842458888
0.799423792491019
0.7998032658102399
0.8015741412999371
0.8025860701511927
0.8026493157043961
0.8046099278537038
0.8066654083328166
0.8075192233010635
0.8148873302492681
0.8152035580152854
0.8158360135473202
0.8197256150693337
0.8197256150693337
0.8198204833991389
0.8213383766760223
0.8220657005378622
0.8254177148576463
0.8259869248364775
0.8279159142091834
0.8283902558582095
0.832880690135656
0.8332601634548769
0.8333234090080803
0.8338609962103098
0.8348413022849637
0.8354105122637949
0.8364540638916522
0.8370232738704835
0.8409761209457005
0.844391380818688
0.8452135730103332
0.8463519929679957
0.8484074734471085
0.8498937439473901
0.8539730821290141
0.8553328615228888
0.8563764131507461
0.8585267619596642
0.8591592174916989
0.8605506196621753
0.8616257940666343
0.8628907051307038
0.8631753101201194
0.8638393884287558
0.8652307905992322
0.8663059650036913
0.8676341216209642
0.8700058298660944
0.8715869686961812
0.8727570114304455
0.8737373175050993
0.8762355168566365
0.8789234528677841
0.8824335810705768
0.8879359441992789
0.89068712576363
0.8919520368276994
0.8926793606895393
0.8950510689346696
0.896442471105146
0.8983082149246484
0.9009645281591943
0.9011858875954064
0.9038105780533505
0.9054549624366408
0.9058344357558616
0.9060874179686755
0.906150663521879
0.9116214038739794
0.9168075392366641
0.9171237670026815
0.919337361364803
0.9236696817592409
0.9282233615898909
0.9292352904411465
0.933725724718593
0.9390383511876847
0.9391015967408882
0.9421373832946549
0.942485233837274
0.9461218531464737
0.9480192197425779
0.9486832980512143
0.9495687357960629
0.9530156184456522
0.954596757275739
0.9557351772334015
0.9598461381916272
0.9627238108623852
0.966107447958771
0.9675304729058491
0.9714200744278627
0.9729695904813478
0.9734123093537721
0.9737285371197895
0.9758472631521058
0.9784087080568464
0.9798633557805263
0.9872630855053326
0.9873895766117395
0.988053654920376
0.9888758471120211
0.9899510215164802
0.9940619824747059
0.9948209291131476
0.995485007421784
0.9983310573159403
1.0020309221783434
1.0021890360613521
1.0023471499443608
1.003991534327651
1.004592367083084
1.0066162247855952
1.0076597764134525
1.0095571430095567
1.0103793352012018
1.01107503628644
1.0117391145950765
1.0156919616702935
1.017684196596203
1.0201191503945366
1.0216054208948182
1.0230916913950998
1.023660901373931
1.0248309441081953
1.0274556345661394
1.029795720034668
1.030270061683694
1.0343810226419197
1.0347921187377422
1.0352032148335648
1.0403577274196478
1.041053428504886
1.0410850512814878
1.0412747879410982
1.0448797844736961
1.045607108335536
1.045607108335536
1.0466190371867916
1.050287279272593
1.0518684181026798
1.0530700836135458
1.0556315285182865
1.058920297284867
1.0592049022742827
1.060849286657573
1.0660670447968594
1.066351649786275
1.066604631999089
1.0685968669249983
1.0704942335211025
1.0707788385105181
1.0757752372135925
1.0779255860225105
1.0841552730130526
1.0890884261629235
1.0902900916737894
1.091428511631452
1.0919660988336815
1.095729209249288
1.095855700355695
1.096330042004721
1.1042673589317569
1.1071134088259131
1.10723989993232
1.1123311669651996
1.1137858146888795
1.1152088396359576
1.1161575229340097
1.1198890105730146
1.1213752810732962
1.1253913737017167
1.12763659084044
1.1289015019045094
1.1313048329262414
1.1355106622142723
1.136269608852714
1.1365542138421296
1.1383883348850303
1.1385148259914373
1.1399378509385154
1.1407600431301606
1.1443650396627585
1.1458196873864384
1.1464205201418713
1.147653808429339
1.1506895949831057
1.1510374455257248
1.1511639366321318
1.1554962570265697
1.1563184492182148
1.1590063852293624
1.1590063852293624
1.1625165134321551
1.1650779583368958
1.1651412038900992
1.1698846203803597
1.1745015457642132
1.1794663216906858
1.182438862691249
1.1829448271168768
1.1829448271168768
1.1836089054255132
1.1881309624795615
1.1888266635647997
1.1904078023948865
1.1908821440439126
1.1970802082578529
1.197301567694065
1.1999262581520092
1.1999578809286109
1.2033731408015984
1.205333752950906
1.213018087665128
1.2181409774746093
1.2190264152194579
1.2227579028584628
1.2235484722735062
1.2280705293275544
1.2314225436473385
1.2366719245632267
1.2374624939782701
1.238442800052924
1.2412572271704785
1.2429016115537688
1.2441032770646347
1.2447357325966695
1.2472655547248084
1.24875182522509
1.2500483590657612
1.2504594551615837
1.252230330651281
1.2538430922579695
1.255234494428446
1.2557404588540737
1.256056686620091
1.2589027365142473
1.2605787436741394
1.2700023311014568
1.272848380995613
1.2750935981343363
1.2792994274223672
1.280880566252454
1.2826514417421513
1.2862248154981475
1.2868572710301822
1.28736323545581
1.2876478404452256
1.288564900966676
1.2903990220095767
1.2925493708184947
1.2942253779783868
1.297798751734383
1.3039968159483233
1.3045344031505528
1.3089299690981941
1.3120290012051643
1.3146536916631084
1.3148750510993206
1.3149066738759223
1.316993777131637
1.3182270654191046
1.3206620192174383
1.3225593858135425
1.322970481909365
1.3240140335372224
1.3261960051227422
1.3279985033890411
1.3287890728040845
1.332678674326098
1.333658980400752
1.3345127953689988
1.334860645911618
1.339762176284887
1.3397937990614888
1.3399519129444974
1.3446320838815544
1.3449799344241735
1.3461499771584378
1.3508617708720965
1.3518104541701486
1.3523796641489798
1.356427379554002
1.3573444400754524
1.358482860033115
1.359083692788548
1.3637638637256049
1.3643014509278344
1.364839038130064
1.3660090808643282
1.3672107463751941
1.368665394098874
1.3695192090671209
1.3706576290247834
1.3706892518013851
1.3724285045144806
1.3743258711105848
1.3772351665579445
1.3773932804409532
1.3789111737178366
1.3818837147183998
1.3821999424844171
1.384603273506149
1.3870698500810845
1.3891253305601974
1.3891569533367991
1.3961772097423846
1.3988651457535322
1.4007625123496363
1.4008257579028398
1.4049367188610655
1.4071186904465853
1.411830484160244
1.4136962279797465
1.4143919290649847
1.414708156831002
1.4159414451184698
1.4186293811296173
1.4212856943641632
1.422993324300657
1.4232463065134708
1.4273256446950948
1.4299819579296407
1.4309938867808962
1.4312152462171084
1.4376030470906591
1.4381406342928886
1.439532036463365
1.4413661575062657
1.445888214560314
1.4470266345179765
1.44708988007118
1.4505051399441675
1.45237088376367
1.45237088376367
1.452718734306289
1.4532563215085186
1.453319567061722
1.4541417592533672
1.4573040369135408
1.457525396349753
1.459201403509645
1.4604346917971127
1.4609722789993422
1.4623004356166152
1.463407232797676
1.464008065553109
1.4644191616489315
1.4673917026494947
1.469036087032785
1.4693523147988024
1.4702061297670492
1.4703009980968544
1.4715975319375256
1.473842749076249
1.4739376174060541
1.4771631406194312
1.4779853328110764
1.4797878310773753
1.4815587065670726
1.4851953258762722
1.4862705002807313
1.4863337458339347
1.488104621323632
1.490855802887983
1.4944291766439792
1.5008486002941317
1.5011332052835473
1.501639169709175
1.50537065734818
1.507299646720886
1.508722671667964
1.5096713549660161
1.5102405649448474
1.5124857820835707
1.5130233692858002
1.5132131059454106
1.514130166466861
1.5145096397860818
1.517229198573831
1.5175138035632467
1.5182727502016884
1.5214982734150655
1.521561518968269
1.5248819105114513
1.5249451560646547
1.5254194977136808
1.5297834408847204
1.531744053034028
1.5335781740769288
1.5344319890451756
1.5358550139922538
1.53797374002457
1.53870106388641
1.5412941315677524
1.5428436476212375
1.5504963595588577
1.5507177189950698
1.5546073205170834
1.557295256528231
1.5613429719332532
1.563050601869747
1.565675292327691
1.5661496339767171
1.5669402033917605
1.5686162105516526
1.5724425665204627
1.5754151075210259
1.5762689224892728
1.5762689224892728
1.5766483958084936
1.5781979118619787
1.5795260684792516
1.5801269012346846
1.581391812298754
1.5831626877884513
1.5840481255332999
1.5846805810653346
1.585819001022997
1.58641983377843
1.5867044387678457
1.5869574209806596
1.5873685170764822
1.5887599192469586
1.5896453569918072
1.5934084674074138
1.595653684546137
1.5967921045037996
1.5977724105784534
1.5997646455043628
1.6001441188235836
1.6015987665472635
1.6065951652503379
1.609093364601875
1.6099788023467236
1.6101052934531306
1.6102634073361393
1.6134573077729146
1.6157973932414431
1.620003222529474
1.6222168168915956
1.622880895200232
1.6268653650520508
1.6286678633183498
1.6297430377228088
1.6331266748191946
1.6371743902242168
1.637395749660429
1.6387555290543037
1.642803244459326
1.6443211377362092
1.6498235008649114
1.652384945769652
1.654060952929544
1.6563061700682673
1.6569070028237003
1.659468447728441
1.659942789377467
1.6601641488136791
1.6608282271223156
1.6632631809206493
1.6668365546766455
1.667026291336256
1.6677536151980958
1.6710107611880747
1.6750268538164952
1.675880668784742
1.6801497436259765
1.6815095230198511
1.6829957935201327
1.683090661849938
1.6847982917864317
1.6881819288828175
1.6892254805106748
1.6921663987346363
1.6954867902778186
1.6997874878956547
1.701305381172538
1.7080094098121061
1.7108554597062624
1.7149031751112847
1.715693744526328
1.715693744526328
1.7170535239202027
1.7222396592828875
1.7241686486555934
1.725054086400442
1.7301453534333215
1.7307145634121528
1.7339084638489282
1.735963944328041
1.7374502148283226
1.7394740725308337
1.7398219230734528
1.745672136744774
1.7464310833832157
1.7478224855536921
1.7500993254690171
1.751901823735316
1.752407788160944
1.7555700658211175
1.7572776957576113
1.7588272118110964
1.759586158449538
1.761040806173218
1.761515147822244
1.7646774254824176
1.768345667568219
1.7712549630155787
1.773626671260709
1.7742907495693454
1.7767889489208826
1.7778325005487399
1.7790025432830041
1.7824494259325934
1.7838724508796715
1.7845049064117062
1.7845681519649097
1.784884379730927
1.788489376263525
1.7886791129231354
1.7933276610835907
1.7934541521899976
1.793643888849608
1.803952914021774
1.804680237883614
1.8078425155437876
1.8100877326825109
1.8107201882145456
1.8107518109911473
1.8122064587148272
1.816791761322079
1.8210608361633134
1.8223889927805863
1.8236855266212575
1.8250769287917339
1.8260888576429894
1.8262469715259981
1.8263102170792016
1.8290930214201544
1.83083227413325
1.8312749930056742
1.8315595979950898
1.8328877546123628
1.833804815133813
1.838263626634658
1.8431335342313253
1.8439557264229705
1.8442719541889878
1.8448095413912173
1.8462325663382955
1.850248658966716
1.853853655499314
1.8541382604887295
1.8543912427015434
1.8562253637444441
1.8578697481277344
1.8586603175427778
1.8591030364152021
1.8599884741600508
1.8628977696074105
1.8635302251394452
1.8648583817567181
1.8687479832787317
1.8691274565979525
1.8693804388107664
1.8699812715661994
1.8738076275350095
1.8779185884932352
1.878772403461482
1.8821244177812662
1.8852866954414398
1.8888916919740377
1.8899668663784968
1.8903779624743193
1.891737741868194
1.894741905645359
1.8960700622626319
1.8985998843907708
1.8999912865612472
1.9000545321144506
1.900718610423087
1.9069166746370274
1.9077388668286726
1.9098575928609889
1.9109960128186514
1.9137788171596042
1.9186487247562716
1.9196606536075271
1.9200085041501462
1.9240878423317702
1.9259852089278744
1.926522796130104
1.9266176644599091
1.9294320915774636
1.9299696787796932
1.9323413870248234
1.9330687108866633
1.9332900703228755
1.9360096291106248
1.9378753729301272
1.9383180918025515
1.9385394512387637
1.9407214228242835
1.9407530456008852
1.9409427822604957
1.9453067254315353
1.9466348820488082
1.9508723341134409
1.9514731668688738
1.9546354445290475
1.9566593022315586
1.9582088182850437
1.959726711561927
1.9613710959452173
1.9648496013714083
1.9653871885736378
1.9701622278405
1.9708263061491365
1.9709844200321451
1.9736091104900892
1.9755064770861934
1.979396078608207
1.9816096729703285
1.9822105057257615
1.9828429612577962
1.984677082300697
1.9866693172266063
1.9888196660355244
1.9892940076845504
1.9912229970572564
1.9939741786216074
1.9987492178884696
2.0031764066127127
2.005200264315224
2.0064335526026915
2.0066865348155054
2.010196663018298
2.014276001199922
2.014908456731957
2.0204740654138624
2.0233517380846204
2.0247747630316986
2.0259764285425645
2.0274310762662444
2.02771568125566
2.0291070834261364
2.0297079161815694
2.0324274749693187
2.033597517703583
2.0340086137994056
2.0342615960122195
2.038056329204428
2.0385939164066573
2.0391631263854886
2.0427997456946883
2.043179219013909
2.044159525088563
2.0489029415788234
2.0497251337704685
2.052919034207244
2.0546582869203394
2.0551010057927637
2.0557018385481967
2.0611409561236953
2.0648091982094967
2.0650938031989123
2.0652835398585228
2.069109895827333
2.0696158602529606
2.069932088018978
2.0722721734875065
2.0731259884557534
2.0746438817326367
2.0758455472435027
2.0796719032123128
2.0802094904145423
2.081790629244629
2.08362475028753
2.0840042236067506
2.0863126862986774
2.0870400101605173
2.0879570706819677
2.08982281450147
2.089854437278072
2.0913407077783535
2.0933961882574663
2.0950405726407566
2.0950721954173583
2.0955465370663844
2.096305483704826
2.0976652630987007
2.0988985513861684
2.099783989131017
2.1041479323020567
2.1053812205895244
2.1056342028023383
2.1057290711321435
2.1063299038875765
2.1085751210262997
2.1102827509627935
2.1102827509627935
2.1107887153884213
2.111642530356668
2.113571519729374
2.1140458613784
2.1141407297082053
2.11695515682576
2.11859954120905
2.12150883665641
2.1228686160502845
2.1247027370931852
2.12606251648706
2.127485541434138
2.1283709791789867
2.129066680264225
2.1309956696369308
2.1330827728926454
2.133367377882061
2.133968210637494
2.137446716063685
2.1399132926386204
2.14045087984085
2.1410833353728846
2.1455105240971277
2.1463959618419763
2.149431748395743
2.1501274494809812
2.1516453427578646
2.1521513071834923
2.1528470082687305
2.154807620418038
2.155060602630852
2.158792090269857
2.159045072482671
2.1592348091422813
2.1604048518765455
2.1604048518765455
2.162871428451481
2.1652115139200094
2.1656858555690355
2.1676148449417414
2.1716941831233654
2.1722950158787984
2.172453129761807
2.1752991796559633
2.1756154074219807
2.1774179056882796
2.177860624560704
2.177860624560704
2.1780503612203144
2.1824775499445574
2.183963820444839
2.1853552226153155
2.1901618846587794
2.1909524540738228
2.1915849096058575
2.192027628478282
2.196296703319516
2.1971188955111614
2.1982889382454256
2.1986367887880447
2.1996170948626985
2.202178539767439
2.202336653650448
2.203158845842093
2.2043921341295607
2.2054989313106215
2.2082501128749725
2.208313358428176
2.2088509456304055
2.2100842339178732
2.21312002047164
2.2131832660248434
2.214922518737939
2.218242910281121
2.219223216355775
2.221120582951879
2.2212154512816844
2.221247074058286
2.225199921133503
2.225231543910105
2.2256426400059275
2.227381892719023
2.229563864304543
2.22988009207056
2.2307655298154088
2.231714213113461
2.232884255847725
2.2348764907736345
2.2362995157207126
2.239619907263895
2.2407267044449557
2.244869288179783
2.245976085360844
2.25100410684052
2.2521741495747842
2.2549885766923388
2.2550518222455422
2.255209936128551
2.2553680500115596
2.258214099905716
2.259415765416582
2.2611233953530756
2.263115630278985
2.2642540502366475
2.268270142865068
2.2691872033865184
2.2696299222589427
2.2705786055569948
2.2732665415681423
2.274752812068424
2.277124520313554
2.2786740363670392
2.2806662712929486
2.281804691250611
2.2821525417932302
2.283986662836131
2.2850302144639882
2.286010520538642
2.2866745988472785
2.2900582359436643
2.290121481496868
2.2942324424550935
2.2991339728283626
2.299545068924185
2.304952563723082
2.3070396669787967
2.3074191402980175
2.310707909064598
2.3109925140540137
2.312889880650118
2.3153564572250533
2.3166529910657245
2.3171589554913523
2.317317069374361
2.318170884342608
2.319688777619491
2.3217126353220023
2.3219023719816128
2.3242424574501412
2.325823596280228
2.3267406568016784
2.329049119493605
2.3323695110367875
2.3331917032284326
2.335405297590554
2.337935119718693
2.3386940663571347
2.3410973973788667
2.3449553761242785
2.3461886644117462
2.349477433178327
2.3526080880618987
2.353050806934323
2.3562447073710984
2.358426678956618
2.360007817786705
2.36083000997835
2.3643717609577446
2.3654785581388054
2.365636672021814
2.370569825171685
2.3707595618312953
2.3712022807037196
2.3721825867783735
2.372372323437984
2.37357398894885
2.3745859178001054
2.3766413982792183
2.3803412631416214
2.380530999801232
2.3829659535995655
2.3899229644519475
2.39178870827145
2.3933698471015368
2.397923526932187
2.3989354557834424
2.399567911315477
2.4032361534012785
2.4055129933166035
2.406430053838054
2.4097188226046344
2.4099401820408466
2.4146519757545053
2.4148733351907175
2.415885264041973
2.4171185523294407
2.419458637797969
2.42202008270271
2.424739641490459
2.425719947565113
2.427142972512191
2.432676958417495
2.4358708588542703
2.436250332173491
2.4364400688331016
2.437357129354552
2.4422270369512193
2.4431440974726697
2.4467490940052676
2.4472234356542937
2.4473499267607006
2.4476345317501162
2.4543069376130826
2.454496674272693
2.4566154003050094
2.4589871085501396
2.460599870156828
2.4608212295930403
2.4652484183172834
2.4655962688599025
2.4665765749345563
2.470940518105596
2.471509728084427
2.4719208241802497
2.473343849127328
2.4756839345958563
2.4782770022771987
2.480269237203108
2.4816922621501862
2.483273400980273
2.4851391447997755
2.48649892419365
2.487479230268304
2.4920645328755557
2.4922226467585644
2.4970293088020283
2.4978515009936735
2.4985788248555134
2.501994084728501
2.503195750239367
2.503543600781986
2.505472590154692
2.505693949590904
2.507749430070017
2.5087297361446708
2.5124928465602774
2.5129039426561
2.514105608166966
2.5143902131563816
2.516034597539672
2.519513102965863
2.5210942417959497
2.5235291955942833
2.5237189322538938
2.525489807743591
2.5298537509146306
2.5318143630639383
2.532699800808787
2.536621025107402
2.537822690618268
2.540099530533593
2.5420917654595026
2.5429455804277494
2.5479736019074255
2.548637680216062
2.5505982923653696
2.550693160695175
2.554266534451171
2.554519516663985
2.559294555930847
2.5610654314205443
2.5625833246974277
2.5628679296868433
2.563247403006064
2.5710898516032947
2.573714542061239
2.576307609742581
2.5807347984668243
2.5819364639776903
2.588545624287453
2.5890832114896827
2.590948955309185
2.593605268543731
2.595660749022844
2.598158948374381
2.6004041655131043
2.603439952066871
2.6043253898117196
2.606665475280248
2.6080252546741227
2.608373105216742
2.612673802834578
2.612926785047392
2.6131797672602057
2.614476301100877
2.6148873971966995
2.6177966926440592
2.6190932264847304
2.621401689176657
2.621433311953259
2.626113482890316
2.626461333432935
2.627062166188368
2.6297501021995155
2.635094351445209
2.635568693094235
2.6357268069772437
2.6380036468925687
2.639047198520426
2.643031668372245
2.6477434620859035
2.6506211347566615
2.6560286295555584
2.6578311278218574
2.667223092472573
2.667697434121599
2.6699426512603224
2.6741168577717516
2.675603128272033
2.6777218543043495
2.6778483454107564
2.6781961959533755
2.678607292049198
2.678607292049198
2.680156808102683
2.680188430879285
2.6823704024648047
2.6857856623377923
2.6869240822954548
2.689074431104373
2.6892641677639832
2.692774295966776
2.6930905237327933
2.6934383742754124
2.694798153669287
2.699130474063725
2.6993202107233354
2.6994467018297423
2.700332139574591
2.7082062109484233
2.710040331991324
2.7100719547679257
2.7137085740771254
2.7146888801517792
2.7181357628013685
2.719369051088836
2.720127997727278
2.720254488833685
2.7232902753874515
2.727685841335093
2.729108866282171
2.7292669801651797
2.7330300905807863
2.7336309233362193
2.734642852187475
2.7357812721451373
2.7374572793050294
2.7387538131457005
2.7405879341886012
2.743592097965766
2.74457240404042
2.7464381478599225
2.7480192866900093
2.7484620055624336
2.7490944610944683
2.7518456426588194
2.75295243983988
2.756462568042673
2.758391557415379
2.758739407957998
2.7611743617563316
2.762344404490596
2.762660632256613
2.765917778246592
2.7669297070978476
2.7683843548215274
2.7730329029819827
2.775499479556918
2.7792942127491265
2.7843538570054043
2.7871050385697553
2.7887810457296474
2.791121131198176
2.7985841064761856
2.8006712097319
2.8061735728606023
2.806932519499044
2.809209359414369
2.8108221210210576
2.812181900414932
2.8155022919581145
2.817020185234998
2.825874562683484
2.827297587630562
2.831535039695195
2.8357408689832257
2.8369425344940917
2.839535602175434
2.8416227054311487
2.8459550258255866
2.846524235804418
2.846619104134223
2.8480105063046994
2.848421602400522
2.850824933422254
2.8514573889542887
2.8555367271359127
2.858857118679095
2.8596476880941384
2.8609758447114113
2.8617980369030565
2.8638535173821693
2.867964478340395
2.868470442766023
2.873593332575504
2.8738146920117162
2.8752060941821926
2.8752377169587944
2.8792854323638166
2.8794435462468253
2.8818468772685573
2.8832382794390337
2.886938144301437
2.8880765642590993
2.8893414753231688
2.889657703089186
2.893990023483624
2.895539539537109
2.89664633671817
2.8968044506011785
2.899524009388928
2.905152863624037
2.905152863624037
2.9059434330390803
2.9076194401989723
2.911129568401765
2.9130269349978692
2.9130901805510727
2.915714871009017
2.916631931530467
2.9190036397755974
2.9221975402123728
2.922387276871983
2.9251384584363342
2.929122928288153
2.9321903376185214
2.9322852059483266
2.936079939140535
2.937281604651401
2.937376472981206
2.938103796843046
2.942657476673696
2.9431950638759257
2.9458197543338698
2.9472744020575496
2.948444444791814
2.9533775979416848
2.9533775979416848
2.95347246627149
2.9535357118246934
2.9557809289634167
2.958121014431945
2.958247505538352
2.9583423738681573
2.9620106159539588
2.9627695625924004
2.964255833092682
2.967007014657033
2.9703274062002154
2.97095986173225
2.9710231072854536
2.971940167806904
2.9730785877645665
2.9795612569679224
2.9801620897233554
2.981743228553442
2.9824389296386804
2.9844944101177933
2.9859174350648714
2.986455022267101
2.9865182678203044
2.987625065001365
2.9886369938526207
2.991483043746777
2.9921471220554134
2.9948666808431628
2.9993254923440076
3.003120225536216
3.007800396473273
3.0083063608989007
3.0096345175161736
3.0158958272833174
3.016401791708945
3.0181410444220407
3.0183940266348546
3.0237698986571497
3.0250980552744227
3.025920247466068
3.0262048524554834
3.032719144435441
3.0332883544142724
3.0376206748087102
3.0379369025747276
3.0396445325112214
3.0398342691708318
3.0420478635329533
3.045305009522932
3.0476450949914606
3.0499535576833874
3.051661187619881
3.05181930150289
3.057416532961397
3.059345522334103
3.059566881770315
3.059977977866138
3.060673678951376
3.0638675793881514
3.067029857048325
3.0714254229959663
3.0780029605291275
3.0829677364556
3.0836318147642365
3.084042910860059
3.0894187828823543
3.0941621993726147
3.0943203132556234
3.0959646976389137
3.0988423703096717
3.100866228012183
3.1012773241080054
3.1045028473213825
3.105040434523612
3.1095624915776603
3.111396612620561
3.1139264347487
3.114369153621124
3.1146853813871416
3.1170887124088735
3.11775279071751
3.1185117373559517
3.1198398939732246
3.120535595058463
3.121452655579913
3.1230654171866017
3.1240141004846538
3.128409666432295
3.129864314155975
3.130591638017815
3.1310027341136375
3.1348607128590493
3.139477638242903
3.1407425493069723
3.143051011998899
3.149407190095848
3.1503242506172984
3.152158371660199
3.1541506065861085
3.1590521369593776
3.159716215268014
3.159937574704226
3.1600008202574297
3.160664898566066
3.1616135818641182
