t0
40 89 49 54
50 50 87 50
61 31 67 50
8 75 22 56
58 8 63 96
61 81 36 79
77 83 40 51
8 7 28 20
13 40 69 56
45 75 85 70
71 41 82 7
72 87 58 55
35 69 60 93
71 60 74 32
46 8 87 99
29 4 58 1
84 41 94 52
27 87 48 42
77 27 79 87
5 60 16 64
89 21 22 83
47 86 53 43
1 17 23 64
20 63 24 84
44 83 86 37
3 50 71 76
83 5 17 7
21 48 91 79
55 42 26 97
55 81 72 84
64 28 82 61
38 35 87 76
91 63 31 66
61 56 75 63
95 98 12 75
11 48 40 58
95 17 50 45
72 29 3 31
91 37 47 69
47 87 84 26
72 17 73 98
89 44 98 91
78 58 15 48
9 77 37 36
2 21 20 38
46 95 90 7
21 59 59 90
7 55 86 68
3 34 69 17
63 16 12 58
15 20 78 49
42 15 93 85
79 61 81 89
88 39 84 80
27 27 8 19
54 73 72 39
26 34 19 75
81 5 93 26
24 84 70 55
8 42 74 3
13 48 17 38
23 44 18 70
69 78 21 35
54 73 1 21
61 64 97 31
80 48 90 25
81 74 68 89
44 6 6 25
26 50 1 99
80 46 75 8
11 56 90 29
94 86 78 96
11 36 67 91
19 98 28 96
98 85 72 16
5 16 54 25
15 69 41 99
70 36 26 35
24 43 37 94
45 2 48 4
33 70 79 39
98 64 25 46
96 48 19 54
67 78 2 13
96 64 89 18
5 23 63 54
9 25 27 93
60 41 15 42
45 36 42 13
59 85 41 85
81 28 16 56
39 58 31 31
86 92 90 2
8 74 69 99
33 77 6 42
25 32 26 43
17 13 73 97
98 37 14 13
41 68 84 90
17 48 50 86
31 4 95 45
36 79 75 20
2 95 90 25
15 58 40 69
64 48 77 48
3 95 19 99
7 88 28 14
51 70 66 18
54 18 64 39
70 70 48 47
17 59 54 3
26 93 83 40
11 27 7 94
37 75 67 93
29 93 15 2
39 4 15 5
6 51 84 24
10 34 3 96
84 86 69 62
1 57 42 70
80 53 64 78
65 27 73 59
95 61 96 67
92 11 40 61
36 17 15 70
55 7 37 34
64 91 71 6
54 3 91 25
21 26 85 58
58 89 86 37
51 78 17 37
44 30 69 92
1 99 21 37
72 92 8 40
70 94 8 59
19 59 77 96
45 64 30 35
44 78 76 34
3 50 8 48
4 25 61 80
50 85 4 40
11 53 95 28
89 97 10 43
79 80 77 7
99 10 49 65
99 16 92 5
19 31 64 37
75 11 33 22
38 69 51 81
93 88 33 40
21 25 50 97
2 99 67 18
41 75 87 2
89 62 66 11
36 12 75 82
51 40 41 29
11 12 33 66
56 99 56 9
66 28 69 51
43 34 64 74
9 39 96 34
34 73 6 13
50 47 71 65
65 21 59 27
45 97 61 21
51 35 33 42
93 10 4 28
38 60 96 72
87 87 60 70
42 80 79 1
88 11 44 5
7 25 23 40
43 12 42 78
39 29 36 83
32 79 48 91
69 86 89 56
29 84 50 34
3 40 88 79
17 59 77 93
66 83 94 16
43 35 96 71
88 55 98 69
64 53 71 48
56 12 8 50
73 38 58 40
93 86 33 8
37 61 31 51
95 48 96 99
25 68 22 54
37 24 50 18
51 33 48 97
75 58 74 48
45 46 2 28
7 45 23 87
75 57 90 84
72 6 55 72
56 2 97 1
83 66 27 37
92 78 67 58
23 72 82 56
15 39 55 82
18 99 14 99
90 28 31 10
61 95 4 38
10 29 43 96
41 12 88 40
26 77 9 60
55 59 31 57
85 56 83 77
26 22 6 94
20 98 18 44
49 71 8 98
40 69 90 99
52 64 13 40
38 55 37 81
20 22 68 72
70 15 20 38
37 7 78 14
90 92 59 72
97 82 65 21
18 52 19 29
8 71 62 68
89 77 7 50
11 80 33 95
9 86 98 28
24 64 7 70
54 62 23 10
92 39 92 85
87 12 69 33
49 93 53 19
81 47 39 2
78 80 52 75
18 33 29 98
1 10 33 27
88 99 64 2
62 72 84 16
5 24 82 23
32 28 64 44
71 18 54 97
44 98 44 75
32 11 29 67
71 24 16 69
46 98 24 5
11 19 77 75
51 52 25 41
60 96 39 98
95 13 59 76
68 74 34 52
9 3 92 12
16 77 69 88
11 32 4 49
56 27 45 40
2 9 3 53
35 3 14 94
26 10 49 34
29 88 21 67
43 22 21 50
60 24 74 27
59 25 96 1
55 32 49 2
3 56 45 48
66 39 71 10
36 15 31 83
41 19 82 11
27 8 17 45
69 88 99 53
60 17 31 43
25 18 9 15
1 48 35 4
43 59 78 41
94 51 76 3
53 94 49 81
88 17 10 79
30 38 56 68
56 1 84 2
39 95 52 62
83 10 66 32
81 90 97 67
46 80 86 33
83 35 93 96
91 44 34 43
15 60 49 3
31 31 53 33
93 24 12 80
14 18 98 95
58 32 84 24
64 14 44 94
6 15 99 63
56 5 86 1
33 68 36 32
3 97 13 71
37 9 77 72
13 24 64 38
29 59 74 85
29 53 45 38
79 6 19 62
79 27 90 53
66 85 29 25
80 14 49 56
74 32 86 46
46 92 22 73
14 78 85 35
12 99 2 58
75 49 75 10
74 9 35 53
84 80 45 39
69 61 45 84
89 45 30 47
29 41 75 29
88 5 14 45
20 17 24 72
50 58 99 28
82 13 62 34
27 76 49 99
18 98 81 28
60 92 24 70
15 32 52 89
1 43 63 22
32 78 66 52
76 99 35 71
98 86 36 84
51 55 66 62
51 68 98 32
21 82 12 49
79 84 42 48
56 46 93 8
34 36 4 68
20 42 69 94
17 36 16 97
21 78 74 20
79 99 68 75
1 12 34 67
76 75 9 5
16 95 68 96
37 1 75 33
80 88 86 39
8 35 97 33
85 67 58 51
77 93 76 44
44 23 69 77
83 22 57 27
76 60 49 21
66 83 22 41
60 43 39 89
71 39 48 34
74 44 6 55
94 6 43 93
95 87 40 13
59 22 67 21
51 49 47 57
45 30 27 95
70 53 48 10
4 63 8 96
41 77 86 33
36 66 23 76
67 96 36 91
38 26 41 28
19 86 48 63
35 71 25 4
61 50 8 32
2 87 40 53
73 83 97 41
64 17 24 2
63 34 62 36
93 42 6 45
86 99 42 41
97 54 32 93
92 91 64 89
72 65 64 22
31 61 2 18
50 62 99 50
16 42 99 70
19 81 99 85
39 82 95 44
84 7 85 60
94 82 64 39
18 19 68 48
29 95 72 45
57 20 54 23
85 36 69 96
11 63 28 82
61 43 15 95
16 76 49 89
98 44 47 92
18 77 67 48
81 60 79 71
88 82 30 1
60 10 40 15
93 2 48 72
73 87 87 89
14 41 72 15
54 17 80 37
48 56 17 34
79 50 2 79
34 57 20 47
91 28 98 7
49 32 95 97
77 99 46 97
99 82 12 14
60 48 50 12
7 90 31 32
59 89 23 33
91 71 34 86
43 22 35 40
58 55 91 74
49 78 2 54
64 44 38 13
54 70 1 16
55 15 88 63
7 20 82 33
47 74 77 89
53 41 31 68
78 80 88 43
42 53 65 86
49 51 1 20
58 95 53 47
73 69 19 73
74 52 50 61
38 46 90 46
71 16 87 69
83 86 14 40
54 66 86 99
5 9 67 25
67 89 19 64
32 18 93 28
95 45 69 88
51 84 94 67
42 86 52 5
94 19 71 16
99 65 87 55
20 66 68 31
28 71 26 56
87 16 10 31
47 44 77 22
28 71 26 32
62 61 44 83
90 84 91 20
91 20 42 74
79 40 49 47
26 67 70 37
93 33 67 84
42 70 93 29
26 5 47 16
86 2 19 58
17 13 11 65
7 30 3 20
28 60 33 81
6 98 8 33
61 87 37 45
48 63 7 77
49 94 2 26
99 82 9 99
64 53 86 38
5 67 66 44
34 47 18 43
70 60 11 41
86 12 96 1
9 71 69 28
47 14 56 5
11 8 78 80
97 30 38 50
91 38 36 73
44 91 41 63
17 33 82 64
2 44 88 40
70 97 77 22
78 25 24 67
32 41 93 37
45 13 52 37
74 23 70 24
56 19 23 28
8 52 60 47
68 68 25 5
33 95 46 86
29 57 7 13
99 29 57 21
99 37 7 68
39 21 48 94
88 28 99 34
17 5 33 22
22 74 80 68
11 98 33 4
38 19 87 66
15 91 53 62
18 11 23 31
86 14 79 14
98 4 14 47
66 72 51 83
1 71 17 81
91 42 71 89
82 71 41 6
26 16 99 17
76 86 99 86
7 25 13 50
38 77 89 59
70 20 17 26
30 86 54 34
43 4 71 16
67 72 79 54
43 19 5 36
99 73 14 31
76 40 34 21
65 93 36 55
30 15 12 34
95 53 11 55
74 65 48 78
60 66 90 4
93 85 92 78
77 55 79 18
60 63 80 1
83 17 14 62
53 92 45 99
77 91 22 91
66 75 6 4
73 77 97 35
97 10 35 19
94 74 8 12
27 45 84 34
34 24 53 22
2 2 23 78
80 34 46 68
70 24 73 47
2 97 74 15
51 32 28 15
86 39 69 81
52 31 88 9
70 57 85 15
51 2 76 74
53 84 85 95
84 79 31 59
26 78 10 53
13 90 18 68
44 98 42 61
45 23 72 32
10 83 28 75
25 9 37 49
74 36 95 24
32 90 91 85
43 2 95 67
3 32 11 95
9 64 60 8
99 98 52 38
55 37 79 38
12 30 67 76
19 24 57 99
26 4 5 13
46 55 60 69
92 6 30 61
80 75 73 72
26 48 41 65
9 63 18 16
41 29 9 60
48 53 89 93
60 4 51 66
55 84 50 30
4 68 45 44
95 35 70 85
73 27 85 42
87 45 11 44
77 15 95 33
80 96 25 2
34 90 96 63
15 11 27 78
64 68 84 38
71 6 11 3
63 97 56 17
72 79 56 63
69 13 89 90
69 96 80 24
56 89 37 31
99 91 32 60
56 70 71 77
69 78 13 5
47 12 99 95
74 52 10 90
86 11 94 99
3 66 1 51
22 64 84 48
58 13 53 90
84 80 91 95
99 76 92 5
52 60 34 14
29 86 65 67
22 36 68 14
82 71 29 28
95 71 21 87
84 77 98 6
17 46 53 27
48 70 82 40
23 63 31 33
22 70 86 23
4 68 95 18
35 18 43 9
68 89 37 5
78 11 72 25
31 20 34 57
7 81 99 95
89 65 65 33
31 72 73 61
93 9 92 98
38 82 52 51
94 20 1 20
90 19 45 16
30 60 53 53
10 7 62 75
87 23 78 42
25 50 50 60
77 43 2 49
86 25 31 25
41 18 18 3
73 48 53 43
8 7 85 58
4 82 5 2
86 38 46 20
12 62 96 73
31 55 33 92
17 85 20 37
6 31 28 3
50 85 9 43
54 19 82 73
79 32 99 64
33 71 85 67
78 44 66 19
38 62 57 29
58 1 21 76
74 76 20 15
48 99 48 90
57 22 62 60
45 75 58 71
92 31 90 94
98 5 34 55
86 2 53 48
35 83 6 74
66 71 64 16
42 88 34 86
17 82 16 14
67 76 65 88
85 34 31 17
14 13 93 93
23 23 67 81
30 87 37 32
13 21 69 37
50 27 38 8
84 28 27 80
60 41 3 44
21 33 25 60
2 77 56 72
52 45 87 65
4 57 53 63
18 87 68 5
52 81 3 73
17 61 27 50
51 59 67 42
83 77 47 1
25 34 74 54
40 61 33 38
52 50 63 9
24 36 13 74
38 21 15 25
28 20 65 29
42 41 35 43
46 25 5 53
36 79 89 81
11 58 62 58
43 42 47 57
53 15 43 15
46 41 49 20
26 69 63 50
6 81 85 14
89 3 69 52
96 66 53 34
83 32 24 70
81 88 1 32
90 43 32 45
38 82 22 19
26 43 57 19
90 54 47 45
19 21 47 20
84 32 7 10
98 3 96 26
6 82 61 30
1 15 30 85
51 94 24 21
60 97 6 81
26 84 89 89
65 32 73 90
28 72 62 67
88 99 12 74
67 67 96 25
24 31 15 71
40 10 42 64
41 86 56 9
38 74 35 99
66 12 12 18
83 14 88 28
21 4 23 70
92 72 93 23
43 1 39 70
31 83 82 69
73 89 9 7
67 75 94 95
34 69 56 24
66 3 43 86
45 60 15 70
80 97 38 37
26 9 21 21
41 18 61 85
80 78 86 99
61 34 60 38
12 99 28 74
69 50 42 96
49 2 45 16
85 10 53 45
67 47 97 42
34 54 79 54
34 58 60 77
67 99 41 73
20 99 95 99
72 67 15 7
87 72 54 89
99 36 55 66
33 36 5 30
40 2 70 24
94 37 65 77
69 76 71 59
30 73 38 12
13 28 6 80
35 99 39 12
19 74 46 99
53 52 75 14
62 15 89 40
39 70 42 79
91 25 38 42
21 24 29 83
75 96 37 36
46 39 14 39
43 19 41 85
73 27 65 98
8 95 24 64
6 5 11 78
76 75 30 91
51 98 46 95
1 77 94 16
71 47 31 43
90 99 56 32
71 86 84 16
82 15 95 29
60 36 21 24
12 3 90 86
80 33 91 40
7 4 23 16
16 45 8 48
4 13 98 30
12 74 42 36
35 95 29 68
66 67 74 30
15 3 48 87
60 76 15 91
98 98 43 78
81 99 33 70
61 88 22 97
86 11 10 53
85 59 82 5
53 53 70 6
41 9 53 99
97 60 29 14
83 73 20 34
44 7 71 13
66 89 80 99
28 15 76 28
36 99 88 5
78 75 25 15
70 44 64 89
3 13 5 58
41 94 74 74
9 17 43 6
93 18 19 30
49 79 4 40
67 6 94 60
33 9 72 46
44 67 72 44
48 64 70 28
21 39 26 12
72 4 28 60
64 90 40 97
40 13 34 22
24 16 10 8
2 87 30 31
70 78 23 56
31 88 29 14
29 6 9 72
22 13 74 27
89 6 64 90
78 73 38 58
95 27 42 50
51 30 15 6
57 7 34 75
93 44 74 26
83 80 75 89
18 18 83 79
75 80 57 77
68 43 98 12
71 77 70 73
50 99 88 49
57 37 2 58
11 2 80 38
19 31 35 87
34 79 96 40
59 3 41 50
36 6 90 30
67 86 87 77
79 60 66 39
71 48 39 74
26 64 62 74
52 31 44 61
3 1 80 26
41 44 28 10
55 8 40 70
38 5 66 39
37 21 18 97
70 49 89 23
44 82 4 89
16 61 58 30
3 13 22 55
42 93 62 30
67 18 21 55
88 92 17 15
88 52 64 51
43 7 87 3
69 72 56 95
13 62 22 98
62 93 5 34
18 58 22 11
26 98 39 6
88 69 58 65
22 37 71 91
68 38 20 12
81 31 21 96
62 5 72 98
53 36 95 1
16 56 27 60
7 55 95 45
62 78 57 3
23 59 77 72
58 50 62 51
66 44 95 95
58 22 38 89
11 53 72 58
98 91 66 18
44 48 83 55
55 59 78 41
11 53 28 64
37 8 87 19
68 29 40 68
34 55 70 67
12 74 97 35
84 1 42 75
70 64 1 21
25 54 64 2
22 31 79 69
6 91 15 40
9 84 90 73
57 79 86 61
44 12 9 44
78 61 35 26
56 24 58 40
46 12 90 55
87 43 57 51
82 49 49 61
16 30 32 23
81 8 14 59
6 77 70 57
77 90 68 23
99 8 47 48
14 74 27 87
95 3 24 32
43 56 11 32
49 10 42 55
32 50 77 57
70 28 1 76
43 65 46 79
42 27 69 65
29 33 75 96
15 38 42 1
53 34 41 22
7 12 34 78
52 41 84 25
46 69 15 85
83 99 59 33
15 45 27 30
64 54 36 23
23 41 55 57
89 49 16 38
77 44 95 55
88 84 33 66
81 65 56 32
40 88 59 82
71 99 47 27
72 41 26 61
34 42 94 18
65 25 19 91
48 1 66 48
42 33 50 40
47 64 9 48
1 29 17 80
36 9 87 61
56 54 36 21
75 89 10 20
48 8 90 44
29 94 41 27
75 80 35 84
90 12 99 89
22 45 29 15
17 49 38 41
81 28 81 75
39 8 59 44
80 18 46 18
82 19 96 50
64 67 99 27
64 2 7 76
43 73 2 41
7 59 52 13
17 68 35 11
18 14 31 52
48 5 10 71
12 67 60 5
37 79 73 8
31 56 53 27
48 12 58 22
96 71 79 32
74 36 52 38
83 26 34 60
59 12 60 6
3 40 27 86
13 30 77 23
52 60 31 61
78 5 64 27
61 48 44 49
59 94 22 70
25 96 47 83
13 74 13 61
11 82 71 22
70 90 42 47
77 31 59 28
80 51 16 49
63 87 38 26
33 86 42 97
68 35 27 99
99 81 8 49
76 20 99 64
42 77 83 33
50 50 30 35
40 82 95 20
42 23 22 8
87 38 25 17
59 45 12 73
99 13 48 93
45 56 91 23
45 10 53 56
54 5 17 44
55 59 29 4
90 20 48 50
57 72 95 11
29 63 8 86
11 14 78 99
64 79 52 82
7 51 88 58
14 94 48 64
31 82 85 87
3 47 64 14
22 63 15 17
39 51 23 90
18 85 31 68
24 86 17 39
82 90 62 69
34 52 22 73
72 34 65 30
88 34 98 86
59 82 17 76
7 75 29 68
44 71 21 78
68 54 38 46
9 61 43 88
56 50 78 93
18 70 81 86
93 75 42 72
83 68 27 88
21 17 71 26
3 67 94 42
45 27 27 3
31 5 79 76
9 6 18 71
34 8 14 38
57 3 97 22
7 41 29 89
32 48 97 2
17 44 95 84
13 17 11 60
97 24 8 50
39 84 50 15


