t0
19.55822176779563 13.51474255916133 16.82853703456259 11.14350983545219
6.958063219228609 0.3909347240888859 8.453604212898872 6.703932585892654
7.315520180696709 3.495319088131027 7.145441150707422 17.17774995273298
10.60469319607543 15.24741482382082 17.78082462449217 10.84761665649981
18.72498199245155 2.013820490478132 12.59930318325616 11.52340467690868
15.81726293672394 3.972379276171321 9.747337004544844 14.21362116490305
15.23237669807754 5.945811706404053 7.652462732762474 1.925535666742007
0.6312265208307974 7.955096769908937 19.26091038945079 14.10830259635549
14.73641400402432 0.2063215388789206 0.2668901399632171 9.118451153978143
9.071426398087976 2.95269264778219 7.706614237294379 9.510860742338519
5.939380417801853 8.907876518772827 10.87492402747381 9.019593932848647
3.002892421111016 19.77930900958054 1.368825417266431 11.23116170605913
1.04381770384547 13.80192948040489 11.65304011202595 5.692809093484735
15.05972451027048 2.988113740615365 7.614429573755467 9.641450873386304
13.13285488054962 7.436824014527653 12.52143564702965 2.760154048136613
4.448266846303609 15.24704453192255 8.04996703161753 6.628383401413126
11.06337997870108 6.551500109479723 7.59853930728393 17.3524857691229
11.63446514934318 2.317706525494402 0.5483136772229145 17.43804216324153
7.752727141093087 11.70817225105794 6.253703921404213 12.17164534863126
2.99517673941255 3.295375470144216 3.780637662326201 12.95474536818066
15.65988900390204 0.7775335858807306 14.70412048560753 18.47185736123803
6.690975416628789 16.45969967544564 17.01504723826151 10.57988159152537
15.432370300336 9.480176106614431 17.91443854078842 1.397840042666797
11.1036689730572 4.381406466160053 18.31397069145807 7.631672106070956
9.587968978978456 11.4201356697439 12.10332042007258 19.0942048186994
1.970900070704643 4.044775855959156 13.85107740106408 9.593689336083145
15.32110160660809 5.201185655349873 4.25786353992812 7.007723435283507
16.04013375097224 17.75798620416612 2.250662573886367 2.904555709785756
6.491957195210566 1.879879962443421 4.917795986068435 18.38804234467602
17.39496081565992 18.4537774244359 9.171470448350552 14.56383855855782
2.276269951227297 4.431377026318183 4.109183493148322 10.78249364619639
19.68441760590666 11.78547196015134 9.788240052579923 15.85935378151725
12.93439347359835 10.65211229197759 12.82478235016584 2.282427331802475
3.055947192054743 8.612851515784273 14.64560062685215 7.162274012539135
17.29502321545206 14.26327316198668 6.041375824629008 19.344396548156
8.501990498663837 11.13559789291234 13.54999581023615 16.04698132999459
15.91611417162993 16.36030105172965 3.88249272822092 3.170822321343788
4.352039969716462 1.282869411041824 14.70376905948615 5.383148350151678
10.4966109505303 2.591988009043828 16.83616123549512 14.455620256373
14.7341739781951 14.78609738987375 6.558148968365801 18.65168178056735
6.406258823274019 2.394527871281618 14.28548561443316 14.02240171081527
1.547437650177398 17.87489573325537 19.56982605099925 17.717739033885
11.94597762114571 7.633107485065881 18.81756049761543 16.85479287931989
17.8037735705513 5.582609419636952 2.299781025942508 9.942030296802866
19.43674240423848 5.981467663703529 7.104493547375435 8.173158975345341
5.007052707309384 6.977523852882897 0.3106654174461418 9.871409685486181
1.369946677340804 9.560816771496089 9.18066633794848 17.98569455134345
17.72714827453841 13.47019447667871 15.10946061441277 1.349867139658843
1.346615990518741 2.461143659442696 19.01217622907464 19.30195361573825
17.59116942372835 11.23077338603014 9.389047300694996 18.26058449654763
5.602070129043893 12.706756013142 4.357603952547247 13.34174165499022
6.45866590257007 15.32492145482567 15.61651137625273 6.44856608968781
9.504955642678286 3.067516796154072 7.368905500596462 19.37296288615437
6.360982194824482 17.56255469873895 6.098674678710624 5.057711794118621
1.317331654029589 19.6527811868443 3.986614918336074 2.771080548607157
2.480565452127093 17.46653476003716 2.320049595246704 2.908272590462023
14.24012969017085 2.894146960646765 1.837226067883785 2.74540611795656
14.6038852402574 11.39171499756236 7.169781960400944 7.658642669346704
14.4535884441446 2.167884100147078 5.085329342371504 0.5250175374472974
5.013827068797575 6.771431047132034 14.39417178655209 15.02459893374436
10.20127390236551 6.185740309862212 7.480153699080959 11.29028514011733
13.23729094828952 3.776072538423817 5.575903839845372 13.78865978550617
12.26908606224037 17.11211666616222 1.235315647278238 17.51986591721466
3.827868218170943 9.272773190682871 14.65068236711462 6.068982793212875
4.358649181293687 5.406262436521131 16.50688832450359 1.780914249831925
12.75260642816517 4.029771092559161 15.59172333702113 1.269811472033925
8.70820053620238 18.48616099294229 2.035569011806007 14.81727026040836
7.785457143939415 17.14279603763299 15.43778321206402 11.65594865443028
17.60045240819599 8.479728243550774 4.928626522379634 8.543169051443719
14.61204222914175 1.902586705437153 0.8883254064822608 11.68436774716971
5.754459044640988 19.9908865449668 10.10750603030359 4.228543430917927
12.31110890032227 0.2085847626919533 18.55931172328666 11.45069759203579
9.711239295662505 4.687609867799117 4.540769714322614 6.865704996070349
3.961577622531697 19.67767065256511 12.8299337295065 14.90242795008374
16.98270881457094 5.46923880411705 15.23383112537382 6.820997753750277
7.496437919021671 9.831145777042648 0.1933810903609077 5.310444767159553
16.47696377766215 8.857037954256612 5.77475439417324 15.56711193875083
3.738736516423574 11.8035512802452 16.11242882363686 13.50273702281171
10.15248541536287 2.558034150584466 15.84702515729473 15.65286010924713
19.21322294684764 17.60642692536239 10.44739825993896 7.857330465450624
10.65496654119834 11.10478181450234 15.00139217151228 14.65612875137198
14.15927324330377 3.539479487750285 8.974972212013951 8.584594658836149
5.576396867732339 8.264417349156085 9.17127916573483 7.264107632383507
17.34684000096125 8.857683577189192 11.50181454170907 12.85403451129721
19.50015862893109 4.507284487022881 11.22041081731 15.0815444955062
3.582296047130614 11.13970565152733 19.54896100208493 3.483466526831896
2.29465186632949 8.175420594142174 15.66158687648916 19.77530171321447
6.198740547702188 8.534546558403429 18.3729927486677 15.53186755516165
9.709324253320249 7.221355945942417 7.686983316654413 6.056477569989322
7.220334212992224 11.5269513142604 15.77962327178013 4.327881019058005
6.001988103910651 5.238851112834152 3.569324057289839 12.38676241148427
0.3962640888890276 17.49140564264552 18.99409012567175 4.428515827384069
17.47644508697917 6.01930730493624 14.86854403507627 1.26848592381212
10.38853596899357 7.592668999819056 8.84744218651131 13.15288904772112
17.73728099018247 8.326988223508106 9.709720179500591 16.87636032712973
7.363626296308708 13.37222927118151 12.98444528579532 5.454316055248344
2.356136447690443 13.42652258383781 16.94809328192287 11.22388976344267
3.097730410098319 5.659501558724313 4.690980603791806 15.17489528370934
15.62247887663541 14.87177445770822 9.110561649932686 5.956918925617737
1.72454448288042 4.522337616617892 10.57742015997993 15.34223477320598
10.4099069283489 8.457068425161932 13.88530126845507 9.941878576061354
13.64330619234232 9.674818620169312 1.398173191433306 0.08371099567332152
10.99515296244213 7.247304049066296 3.118511732247199 2.486950759932228
12.42312501154285 4.409466085923813 1.432695181248206 6.209196553308699
12.7788735526077 10.11608924303341 1.367737602239204 19.07040414021837
2.325014242934217 2.942112165569774 6.367897761113527 8.714021383768385
7.839459987076086 18.4462685012289 11.64731766771868 12.83196893179326
2.66192581317863 10.20471139407296 13.1328713251112 2.56511484747676
7.173188386739925 10.95181962717681 5.804266976173848 6.5525533191082
3.522173357560249 1.881646034328287 1.136146551100364 19.64418047469048
9.417878588585266 14.56027690325888 6.215119617935377 19.41711791471925
1.794554781726215 0.6727365778150172 19.36672760959361 0.9248045386578982
1.875495784532316 5.478754777415765 9.688757160982179 13.62444842564638
1.631487789716473 11.04863379470958 15.02299865120139 13.45482487720779
5.775452797632782 18.00886693872663 2.393405491255188 10.97020131703933
3.355274616831242 16.15422539913289 10.41172316691559 3.48260784934728
11.77026452941204 2.014949922429018 12.17379510793681 16.42771793918331
2.779018103795087 18.59760302759418 11.38360147550551 6.076985359206141
18.39841544082018 10.8136819562316 7.022865925850908 0.04957340110012121
18.89406451559558 8.96277070303516 16.77186346783638 7.424152526287235
2.145640672188093 5.39427571543266 10.58092139229472 17.2632861493447
3.033923604196352 13.61214153003399 8.019168922755117 13.91516721571948
13.90895306938627 17.60938400073569 15.89251739500527 11.78115599017469
19.88559320763809 8.927312802603073 5.226482389832635 3.597828114744065
10.7850739546994 15.1125640555846 19.61067925739471 13.0484417226442
1.872013924839991 2.374465785817891 12.8899422555062 7.872661319394415
5.335109155086229 0.264501941574796 4.255588545917432 8.813746896964915
4.118121373643481 7.428645020633659 12.70704849343457 3.107698919737966
14.90156723832169 0.7481774485137525 11.09924640195118 18.80324077949703
3.730220845655113 15.36853703285133 8.195344733089676 11.28941451324583
16.48902459335414 1.921670459585513 13.40606397191523 5.202320044232739
4.593793575538832 12.55382337788332 19.29507217833774 6.758723446573968
3.756073280884308 9.517573041489188 0.845720210583166 5.695981711133605
18.62594827755438 15.45020037891141 17.97014001588479 0.861220997831825
10.71770243455217 11.31883284808854 16.39803936405516 11.47114647458767
16.45413075731189 10.11428765617747 17.85097606661137 8.647420996751126
2.43698098737524 2.092424237467253 9.554120995176886 19.78290412852359
8.30232559004298 9.048584660866885 2.4836731720906 4.825307377390763
8.063463770399167 2.110706257452376 12.34437297755935 1.441785508896019
15.71960098664793 4.341487954846289 18.85911392986817 14.03954460467514
18.05847331882238 6.679663414379261 3.832653370184961 9.604237577148577
9.735080305330509 18.4884243700868 3.03972970815455 16.67979739994525
11.08414702871378 5.766980280683996 4.869530823377763 6.359020347907535
18.83783172550354 16.37987320646023 5.92370655567216 7.822170229548725
10.07917197751778 13.15382337251729 2.390807558564859 10.68261511180614
6.939553756420435 6.596679534657809 19.58300977468536 3.961186563098117
18.36930412875798 3.328055618134292 10.48787562413108 6.760481821821277
10.21215120701253 8.879693936850066 9.01160288882425 14.13623819511063
16.18879090248904 10.08532570923039 4.788500057113535 8.054952705300142
17.49965341213636 0.4280819173371073 3.515182028354272 8.784183049606982
3.110706821854677 1.143636820312431 1.635598262044179 7.088937103821672
13.77299853294015 3.441804607369598 14.54780402326526 15.76140928864469
1.116649948079554 10.2111986282518 0.7556738345723644 3.423657003937143
11.39558255721069 7.373230319747027 0.7641943599652588 5.851168064414073
14.75771701405618 2.246079369618948 0.2932230185413074 17.34150334990766
15.45694686284677 18.45303248439267 8.169610918830964 4.561371315804158
3.507268665318092 2.937892974044854 4.167021506433092 3.621007630381486
0.8941996551351514 11.72747916811042 12.30463420047933 14.36466327609536
19.80529772675361 8.086212992257812 3.735034550979034 8.917809253871164
6.666463902835583 5.039919254481292 12.98067620184939 6.883733131261901
12.71966783714799 7.853041327430695 5.945109571019477 17.60343100657781
12.02015455678417 7.954127909799032 2.819451616662675 4.155452329487042
2.065378969621464 13.58001124300813 4.801313361837315 17.73611375696963
5.090967440431312 16.09837631702772 1.338438614449436 5.218967172267926
10.83400679433132 17.99508856080355 9.691777757025363 5.488553955749017
0.3744624104959691 14.6571687762521 10.77290705175318 19.03360517758552
15.39239392288129 2.023696319680151 8.6478376616524 5.13147602515971
6.254770144107637 17.55176034874816 0.7948116599400832 3.828031729390903
15.11366976501929 3.688462481995237 18.23156387124023 8.18261582847885
2.9678053535339 8.5191830238784 16.48419039348019 12.14779691460814
6.655648891409452 3.04273295185291 10.49871118242306 2.31643285850129
6.916211171070751 15.34118338893814 10.8275457449474 16.92776051912748
14.6641727551654 2.785873622856546 14.77349114068953 5.330486560472617
1.601204499781211 10.21957668784442 15.31232898028315 2.669730431265261
2.511176131728109 14.75444233964388 18.01871915842884 0.3041528060410923
4.913460210171788 15.71921957643681 5.695380340447626 6.70651636033511
8.354891496106543 3.476663933582241 6.276220805510192 8.06303759726292
3.525062892974645 14.93351094247569 6.743339627186606 18.24236751991408
1.062516364741798 5.92114814654367 0.8893859878097463 8.216336850594363
15.40458778248013 0.05507521942995508 5.649907968025248 17.86037488875437
11.51677292214123 8.142869181626603 13.46785333608204 12.88586437916788
7.859671426769807 5.37410788662562 0.7056181857744446 9.608394046430801
4.756885161048277 1.485186844000773 13.07899245649211 9.423659009855905
7.220165640428839 2.726012223920208 8.284125354558036 2.361198861491197
10.6731391292951 18.72348723621811 14.57848427973196 10.58898410144552
13.06758199170203 7.181782766353201 18.82352090709964 3.426570795394123
8.667299287565459 16.89006941709512 13.587753344232 14.03441683567472
6.824294952738997 7.227848277030714 17.55349999584919 0.5031081990784267
8.369359460536055 18.7460248271044 10.98200999857418 17.96994716559141
9.31811900384306 2.202418841367121 2.811629579591445 8.972403028021196
1.84618428666209 16.1815575649575 0.3000246835936435 13.82391750007131
8.413947198834059 14.67353130668822 18.077481144569 0.5713195717593176
6.502442272806185 10.63000488671488 10.72329177830636 8.46347882144636
10.41676524380687 10.2635658683234 4.637627438631871 0.1289419548110002
2.174831403965317 0.4357842251169339 12.80255726196329 6.53436703738734
18.46576940619173 13.53580179724435 7.332252374584326 6.456830550915643
1.947822004670713 13.73378986974014 14.85419234792972 15.21088924343595
13.47095820316064 18.60224354795028 14.72664225853065 17.46114627583581
5.213604560913608 14.2144832239305 6.299453783361174 11.59778613344891
17.135225938433 3.325968309472688 15.83879189430385 9.706016859320354
16.69062334839593 6.629569689114535 12.99122776418605 2.279033893947594
19.87166312516175 11.87088578127076 5.862754401240432 0.746048282231969
10.5978804582149 16.80432710693214 2.820952037233017 17.25992965091581
17.12537568138904 7.831636104276934 3.307653084431069 18.04052417689391
2.140099027354786 9.298171289795812 3.13882101674341 12.15158524392899
13.60546512629952 4.967495395454836 16.88775644151244 18.50793150272541
9.369381295319496 3.661696401773034 15.19943221056167 17.94589317861661
7.764095115312767 10.18235482257591 5.798692110743086 6.601517879845523
4.824182826035731 7.76316528851999 13.38609141409304 17.58321907166321
14.42784617237347 3.388281716318903 3.230040707204219 18.1367265449006
1.36588600308965 3.071750842639801 10.54975098524226 5.111461107168366
18.13239833701526 0.05746067770059682 9.811305765583448 1.83215087881078
6.06536474254575 1.36970772660849 13.48004911341916 7.398340005834076
10.96826850143385 6.795895120095975 12.88797440648084 13.87421978618216
19.08286453737745 17.30679872679411 13.97709589263705 9.381764497733009
3.148420002602733 9.867603500741632 0.4377555915352525 2.111620977023337
15.89859487834008 8.561375977464621 4.514457812935037 17.83624527981248
11.4598962262328 12.21379951760946 17.03471619119697 15.68924059918476
12.50928211920401 5.760196345202401 19.92962501539017 17.63727670620396
19.63244615024226 9.481303871933401 0.7859531601920908 17.76527586755333
0.7783385098741467 4.217088187320307 13.0464336924812 2.873111805162974
16.96036562206806 7.710447615072949 11.22522484023836 17.78195690923613
18.1051641437362 16.64419963252561 7.689273112038432 2.53735458072844
14.41722423309081 15.75641481516859 5.664977367244338 14.78650342932666
11.2811612822517 15.46748032645591 14.76814980438046 19.3663196905868
2.134706993757499 2.025303627343343 2.807638213641598 19.46537296388395
14.33340012064758 1.912777891640859 16.56857702636255 13.08429874333729
6.928771224535963 8.69968328875569 15.68433050363252 2.235882089801729
16.09140109741543 9.634368335740763 7.632349871889831 16.68076050539269
7.22211464422991 8.274405574207632 7.703252598452846 1.560525743874655
16.28527624866305 9.837405270838907 5.05272243231358 18.50420371809024
7.392177314767462 9.353606513230636 10.2624086438603 5.227115507876138
5.612921797406677 5.153734519860484 7.692691417466952 18.55669173999316
13.59260127842683 3.600137952405914 9.806661298031838 14.83063608371409
13.66103343771261 11.31892956263886 3.15558703008675 7.790664665846218
12.99223301397432 15.96437056776155 14.64081724368823 4.480282978610627
16.6274894225752 18.24338369686925 7.427549625735864 4.24112455155048
4.387805633338212 18.44973515969996 17.8707941924676 13.51141353262943
14.27616207994731 2.583711678818767 10.75897177803049 15.36353800858562
4.811422118379575 1.000410125803977 11.06140797565996 4.666088157507341
10.3283889041071 13.68146275543146 5.038924113886702 8.403734558851543
19.00926036145885 19.76963908945984 14.42416547537215 15.38223579887049
12.23059556813663 1.532529091095541 7.146493214048194 17.34727263784452
3.089522154146641 10.76440074917544 6.656754355149893 4.960203348224374
7.446032415449936 13.3724382364684 1.479668742913308 5.807397401883337
18.29521123129642 18.7522018952848 16.15659394909254 19.09367074155982
6.008344769799555 7.089871210377567 4.267673998544738 0.2357049581720614
17.27666314063032 3.384925494631062 9.485247602852011 7.677772092859025
2.160243707142039 13.11233916718045 13.85850308899186 0.2421031218002843
19.72067745704025 3.482249887640435 7.719806323913988 11.46164278175647
19.04203087867731 5.334721477163721 11.97346025938413 11.96522381187972
6.618525566072205 7.987455448311965 1.897095552047484 7.146200318760928
10.092267196679 3.84561225534675 3.187457293021056 16.67479238279409
2.223243037807084 2.663827301000702 4.494989920022708 17.65081344543734
9.447853630268959 18.14964953544007 8.419532975107355 4.853976944383626
0.7067643987698733 11.67678714413225 16.16573970035653 15.08775757341695
4.661637074692288 17.98391682706655 17.30531101546541 2.161633926860303
10.25956770321421 0.9643922835734418 18.58114447760038 12.62424033939577
0.3615620705965292 15.75164578498193 13.04817805608192 0.8145078282985927
11.29876800886744 19.57923441828722 8.761974074778387 7.40276385844914
7.389639885564575 18.34546857290584 0.464210413457685 11.91250733591041
5.863875666659851 3.395417588473547 14.57597241263702 16.0893893020738
6.938269379012364 12.45452486727434 12.77973835615085 9.665234758991145
12.49738030794331 8.122716597560183 14.04903066196405 3.15977426310894
6.435843350992919 8.084484215590807 17.99988531641802 2.877958126006982
14.44749977023985 9.224060123580278 14.55079545382433 17.43981321461616
18.0951299073824 19.75930830958622 11.09888011773559 3.115152207418158
10.6592885593528 16.73773338726267 6.73137740125619 6.7382766153196
12.32839821162398 0.1736190327990181 14.877159853437 4.250656094092119
16.76995539277011 1.242866067312601 5.828098604577717 14.70892689650387
0.911040875811969 4.665946108438649 4.836783613714849 5.990981842486848
18.97468713452478 18.66090005594683 1.237492118597626 13.72401507396789
18.54211143807107 9.289027811801645 17.63912687302626 0.9072391323901261
10.06962815412256 14.20340040572118 15.49651679749122 0.009177626506119196
12.88576641852817 3.64497111143781 13.72257274232166 17.95842757738548
2.738655046724098 16.44611890752708 0.1361012790976122 2.990888364366752
11.73518813579303 0.6886244344971524 6.31400809652133 7.208421981874648
16.0683793560888 5.812514859295411 18.6838019685487 0.9336885394028247
13.78835161998758 11.81881282555085 17.69526278686747 1.359285081072948
11.09147706881968 9.627176892835948 15.02352431852559 9.428713879679943
18.19789027339909 4.482806452570957 7.633981636379356 10.31914737674648
9.747545644115755 13.5669565976624 4.580551938560299 3.992695610330276
2.170405299496957 7.087863189679696 5.50474910553857 18.73926598675168
19.55380142906355 19.20789971643363 17.83773073374976 11.02041947874166
19.26164519692954 13.48741209656774 9.59329379397993 10.09768478883047
17.09278050153962 1.451564272981068 3.309882580817703 9.182070567907756
3.028633526442831 6.439003916897782 11.81739728779196 4.024594009555199
5.528279533612851 19.83833260041038 4.717732673234761 0.4032073340710371
2.807426193494717 17.32804280042577 11.3781310719336 17.23620541137439
19.86558354533072 1.319300382132659 4.58954287592486 2.774787523833976
16.82969115894338 18.99319098862661 9.206947763780658 13.36528663689017
11.5379554938339 17.42619941948634 11.54652833506101 6.052671622923928
2.513564685390334 12.65119253201023 3.946715484252633 17.42860168676786
0.1549401417939964 15.26113583033578 18.86324349428582 2.372981964298483
8.24438945522426 5.696637444981882 17.79402127441797 18.82415051170953
19.36306504107673 14.81080981767377 11.56498635071328 4.168329368362808
2.964353226487267 17.03654077073413 13.49516770350417 17.19648727542709
13.41581929179188 7.038492350395172 13.47977422845573 16.81481080801431
15.83331607576907 1.48112931634993 14.22272061269854 1.937536069522633
17.61666339593056 14.84003346729346 14.61076941054736 9.743193995886518
3.033330230030876 14.33148651394021 0.6095330827869447 1.725222142388448
14.93031791480784 16.9758233508996 13.80625154352344 19.20912755537226
10.65916668903364 7.359488211929289 1.993316370271539 11.38995330190817
0.6313959433229708 4.143277456290026 2.060721776434652 0.7936962661122524
0.6626120416209478 8.679488670866416 17.25749465832569 12.52621032170482
2.679577693982612 1.842314644132133 1.640532212174267 19.14295890001744
15.81855579342088 15.09677757270359 12.16909642841236 14.49027929737631
17.50997800651639 9.115398522349942 16.05143413084988 1.789369470147771
1.227341204583744 3.406037071922937 7.495768753940984 7.055139251893144
0.05573355428825399 12.60045490710785 5.014952286727477 8.111230317814265
0.9632388574049364 12.75344239616971 7.766709584698032 15.32608497987387
1.953953184740208 5.699822478749229 7.315099955052643 13.87498254160142
5.103965253386514 18.8407016568768 4.094858144106269 2.535295112819459
13.56259784543106 8.705193063658841 4.657719881692191 8.606821757677409
14.90806520055702 6.469450142244381 16.18194449437652 10.32086489001395
16.03900099843286 11.57277378970855 17.06660256285046 4.27452280657327
18.35179780411212 17.69778108493091 13.43757226604544 12.98762519755994
10.748984717278 7.185394829484414 12.89989283610966 7.130624823122283
5.146534842633458 7.525270392958924 2.728688380139598 19.91188274969653
2.346507821589779 6.125671062696259 3.421837242980587 8.155833676229788
16.51597515966899 1.193741588727551 5.045457483457202 4.800080828123257
4.440061207514795 10.21874246550143 7.195303990048042 3.302768087283829
6.273459795706279 7.554160244781781 17.61206980634411 10.35657715628203
19.65489919672665 2.749859310820678 11.28781273352446 2.317729024559914
1.828503765820884 18.1863192745506 2.782091241453753 10.59449236399974
15.00389702968446 18.41211984201566 12.53771981333501 17.99764625506583
11.00353078130859 1.757010242326265 4.781397822035617 14.73146443564904
2.561948926121559 19.71836469458602 9.514060448198663 3.480846190274974
15.32844552594735 13.63794478610851 10.13941756114139 8.330671989956416
5.86635996152468 15.02171422230481 6.215576418501999 3.110273493809991
18.62537087265797 16.49876085763876 2.091175336828789 9.999792861590128
19.76469790003182 6.503190852617692 13.99792211321936 0.6936426410367567
12.79538940396287 16.61634447301628 2.074548093277754 6.556251973266533
10.4251591607075 7.094269600179689 13.86408017500619 4.656417362125641
6.253020733057197 12.93103313292683 16.17453288572863 11.40291505777551
5.086196130574999 6.131144873551212 4.863430899850879 1.934874354811516
4.383238604868177 11.65854938382593 0.04464183775499375 14.66594506163705
9.747176377764056 1.673594360139293 18.16971861060665 1.465618279537121
1.864662385560641 17.68125475590056 14.93115584120223 6.73719146183246
12.04646809288308 7.548026814300318 9.04400107473314 7.74450768451954
4.888598667052261 2.460224157405405 1.144022880874006 1.152815065233222
17.75054239067959 6.447394773359837 11.23936304905159 12.96261816222994
1.720636306634672 3.359431185730823 10.29481291887693 0.5908014852781638
11.66908350717026 13.52127337766219 9.27549845390611 2.026577020428054
14.74616567725215 15.69724887193463 1.421764209616668 11.74512922379726
15.65084538213433 19.49920299438503 12.71113804560514 1.219688789123035
5.929085486823037 12.80113241668858 10.76779773419839 9.766899398340263
15.4122545119149 11.90285454375456 3.998976994500695 11.59626820227118
0.1867616386005131 18.38267237222189 17.54999383433124 17.88572442956506
1.759019676129779 17.07545890505335 9.522247202050835 9.984637386532945
8.361587642684377 19.38787578215516 10.38412577927173 18.2246512711695
18.97166533778861 16.03669703843148 5.187402026443672 15.94563498819551
17.66442315029866 17.13345765237621 15.42075415984588 0.5857507963568152
0.9398305637106983 13.37863706804778 3.340624458889071 2.719910104366016
19.05209152798181 7.870907345248272 3.041802729662143 2.034670111599282
9.948833026272569 12.88290127658514 7.642612879392136 5.290014097746486
14.09610781577814 2.928935362152881 17.49899787920942 14.05833892942681
19.40348162736723 11.48258998629508 17.19202918300196 0.9979719657529293
8.917078454851945 11.32514878132271 6.276147881038848 10.74460946133579
5.550851652292232 5.228806885274381 14.54828423926167 18.34288933059345
15.80794988859773 1.893682866380169 0.8613985841106917 4.29156542982298
1.034513869644841 19.15947969774281 15.50788372481482 5.435638513761974
4.201481066732379 18.71269139184739 7.259132348293381 10.10871161600924
10.30612755560923 19.75356758005323 10.43614715817588 18.80413555084479
7.257652055414655 0.950281213806706 12.87687121098377 2.381893989186511
8.971397292695297 5.302184168223828 3.288316295965644 19.1072656601522
13.8109956384511 19.03408177395424 2.171950248393176 14.69270192610122
19.07394842846276 8.634863065930082 12.32554148057401 4.969069428286797
19.47726435811332 8.695838934957523 16.48321605261731 12.11248462124377
13.84259012060848 16.48007860166802 2.424462678588271 17.36380649330735
5.953196311270838 17.85908115679203 16.3644602355905 12.93145216569484
5.328941011289538 2.471387301419204 8.601648190631858 4.314773680237841
4.630334713072229 0.4968088041464322 4.248806708276968 14.32013728672756
5.120727150497379 2.528531671238431 14.70254561949374 12.73763367712642
6.685870938674737 16.94698309859462 16.85804530825978 6.79136301157718
5.37904801787969 10.85482924187387 13.61388851937339 1.480837090657491
7.540482935607494 0.581963272839888 11.30666737381625 7.822977071992082
18.08478836574756 17.77272639930847 14.31158335210153 10.60812181910465
12.5346700969139 16.4351576833448 15.72649439412197 17.27389718413772
13.5437754196874 12.41925224068966 9.96486229594616 9.414823212868034
17.22220605454908 18.20902761005163 8.67344206058015 17.88163519314614
6.776187046829202 13.31320737191187 2.646314626469061 10.25746465415366
16.14409619465911 4.168659492699311 13.88644970284131 0.6941708123768517
9.297809201681211 14.86775400605391 5.79367294366898 11.98440114952619
0.3172056998545933 7.05617358200442 7.521704963933598 2.740898781677496
16.55617182705719 3.57548413637736 0.6832525491532979 8.049998473258333
2.87459886288859 12.49393629077884 6.587655888003349 9.763105103574633
9.644659694516239 4.648855774923631 14.96742196317939 2.71750929833582
9.546692769148869 0.3639177271245928 14.67009565918898 5.068212265287263
6.941817150878245 15.09153283718782 8.584473323413897 17.83142461023786
4.157732141199916 8.831898353347263 14.75232106823885 0.8051408182511719
11.31562328096626 15.11366846341958 19.66113247713128 9.221979876279153
16.22719393643414 12.20196948278536 7.104936950821496 4.533744205432112
11.37609641778173 8.018814778234942 17.77658381715281 15.06387088270524
12.09563547883986 9.342929783206436 9.523735757869559 19.54554397582652
19.50833684803882 18.25389488060848 19.87480160949384 14.06789041436818
0.9951029721492342 7.211807664617798 14.57134535881741 7.628897139670329
8.475307851779586 9.160752383906152 5.330932074935212 8.895464130881111
13.94113236763313 13.76474143818999 1.369471751552603 6.774492867730654
18.33599703177694 15.21050514578817 3.346428989219864 8.871723658389255
15.44365295005298 7.999149846901369 3.799680150102239 13.77871979256236
8.374535523835874 0.2331414748868097 18.29544401879367 8.577213081166434
14.67826117181392 9.527482706449982 18.92507751143146 4.366599564691512
10.77378392933182 13.08933059144404 2.041077407715311 3.170614096528609
9.274089867781685 5.453488065670528 15.8169547841133 17.93646715438521
12.68917250786861 1.912881266990435 17.82294521088704 0.5380029950234042
3.256865133257993 13.29249142191968 11.82825997026394 10.14343137948929
19.70261636667799 17.13549611138031 14.73407813042782 10.19699134303023
1.293755476349275 7.787121266829536 6.160347085764094 10.89686723926575
16.64910825904302 7.952665264483177 9.781118861088258 7.341624884450878
16.37942497856502 4.700478011754111 19.37900402731055 3.945452717201619
6.980628187451544 8.905511976646453 17.04114218762576 8.640674906779406
2.859609123215688 18.05591995720769 18.96344524022347 4.840966299713988
5.437428735637394 7.470631466095568 10.30037752085226 18.17482385273775
18.39623111068267 9.001630687734925 14.00808863875565 9.068465060871167
9.9633244647039 1.684160606040971 10.24527931565645 15.11533477613751
11.04415378292596 2.338795079585017 11.9713326077158 16.10152048883887
6.35566612177846 18.70691250303356 8.513094721018074 5.082865688960335
10.74931234328113 5.864863979430522 7.149300687384384 7.537182170571945
15.52625719870653 17.29941733883371 5.426653937244895 13.39545443968791
7.25700499891904 8.701583376293415 14.23569690673885 18.37072879659133
12.33393022254356 13.86218500041229 15.45429564429099 6.079710530664214
11.84145477123484 4.085786347586678 17.96068140464057 3.860807459782395
2.327540923751704 5.631343231801705 5.820817784412141 0.8595189404108181
19.77936759939597 3.809108443750175 5.049339107039813 8.174361291114675
11.29318942785392 17.76385857936473 10.00754576292408 1.289382251101972
13.29199536903315 3.604953381690704 0.6167530948807096 0.2674165851881281
14.65531283490034 19.69382995154398 19.97164942824379 13.09848067882222
3.305296560560945 13.85743758625556 17.40486076539911 18.00636473527942
17.18342932745281 11.88317265372533 13.84144555930632 13.29936018341503
10.64216898839818 18.41502072353262 14.98957109775078 4.347472227420152
5.767717780683931 9.113219637297961 9.979292715169704 4.521625412549431
10.16639309213387 16.98448206355886 11.17086971855642 2.579045320779935
19.30955824557116 10.05535629409182 4.876775685281331 3.147941191011746
19.79567735081634 16.47546225702098 9.802685370144022 0.5810425834290798
8.283522643129876 1.05281666436375 4.323126616959962 13.47721541599986
16.31215053834973 1.316880965088555 19.65886775401672 19.92525116113587
9.714846389945919 2.197230589062443 10.25793155300397 12.93792770251626
15.46716820634968 6.780251944769332 5.856295664961179 7.34600121661631
16.37236817144526 19.05031360944291 3.901934521843312 5.63957640489808
11.52910593440066 6.556459051813021 15.06896731083637 2.957475925243426
9.092038794189639 16.03880334714918 12.00961011065782 11.35400618833126
14.19245330597978 10.90181346735547 15.5639673158018 6.612615049236283
9.880620800649305 18.3309963934851 15.71313571148657 11.93083704062816
1.314882881210556 14.3468602212763 2.55604330344651 16.20931930896852
5.302439104373548 8.216547052952755 5.511654117256902 19.81403440169175
4.72709461734886 12.05621719660716 9.927592575575892 11.53973603421784
9.673449360896859 1.559494531060089 8.20858487427947 5.958241494465871
17.93215586019725 4.376598745901315 11.27213934114802 18.05466635461048
13.0125436676141 6.145445814002689 0.6003136332217816 12.10079543083528
14.03222652396391 15.95001902089114 13.79142700467408 14.180606936833
16.26700151637829 7.524615721898137 3.738259944113539 5.968232056730391
8.936049258629753 17.43862604981239 5.186719631000231 10.15913501376038
11.91089641726161 16.09498398376317 8.764759037737594 0.02251681905094705
0.3760952734613774 12.5602946880792 4.811756860812896 6.531330905806612
19.09396160586252 13.1679112617708 8.12661548757564 4.033616707593456
16.16843147461407 16.47483599721106 5.792280840633629 5.842050339177666
13.37638102624574 15.27918186625968 9.482653726628183 7.053546773110671
0.2913464890695114 13.98883349334703 12.33688096394323 18.88931943046578
19.61231712198781 10.74783099255193 14.63582771707699 2.024792867733654
7.063364490994673 10.85034751291461 3.862935507151954 17.95977099055937
10.2537113512355 12.6354921942343 19.33549203671592 4.776278429545014
2.999099520105978 6.388664475372044 4.741084225952949 9.328783631494916
10.19109461989083 7.436246188024697 9.608956631395294 6.995502850930918
9.817714483568933 16.19061153169084 8.15151579063229 7.64301957221123
19.83659856655908 7.262538102383572 19.56751451436839 10.38395035604036
13.60852648708585 8.374652731375793 2.053235790102673 8.634055813602831
2.530172863244334 9.175284365391779 16.3330365018194 19.16104982525966
8.385630076107049 7.897447980415894 5.731444194392866 15.56523957587578
2.298355357179856 19.37717432707381 13.16946666996588 15.29628502729185
15.8230811713016 10.70135354366684 6.588565372023286 3.947350554128421
14.72331764927217 16.64837498603709 10.09296545699076 14.33258236038775
14.0441047985638 14.84196682070115 9.423047036306523 18.63078410033528
2.168300377338806 11.58976427919585 3.384839068824369 15.59787734504576
5.964704302558591 4.342511373358468 4.51286876388909 14.32962343506599
12.68507998958347 5.543142246906362 8.501068272571997 15.07013682459961
15.15683467655317 1.196616774746178 14.0180030182905 3.470676824826452
9.602489688770717 12.97289384470536 7.892748984379168 9.922679944056046
11.0711366338001 0.9410388847997884 15.92272265609889 11.59608095181688
3.599270135538219 5.500431974747614 14.3238601427163 1.1705795200078
7.871137791667059 6.824661953871413 6.103413848653551 8.503558489927684
18.95153169589148 15.96884189789223 19.42916540596539 9.014803180311127
18.83037011092753 15.03577020451965 17.23111585154811 16.60071638340958
2.768309720413668 14.47065434943131 14.23785329939691 3.576564527704339
11.92565275270623 17.13831675955789 18.74048221835577 2.151532510066131
17.35898730299269 9.263904858654668 0.9086319191364409 11.7180989378587
5.873990989699448 0.887136039492161 13.40870654308078 9.617374967318392
8.259097983487157 8.269932142682313 17.28833045764788 16.82279095312409
11.77206266507622 17.25220929234069 18.7508818933218 6.16741735052924
14.90538579451514 13.3786894864933 4.005209853144574 2.685257708535641
12.94797012086843 10.21571721264467 5.345601732681237 5.051219642708672
2.61929304115926 9.834726174168329 12.15510654825789 6.665041780864351
12.67227780969032 11.7293597181468 9.973469014720656 9.628745062633486
16.68984786609744 11.88929608836276 18.46609881921531 5.843837781951136
18.3716058437959 5.24336570955655 3.562568299487902 4.383733993381647
12.5274054265627 11.31897917201441 0.1472631129388677 18.29903212390554
16.91111678355205 14.99340723696106 12.49689426918969 12.6605052212012
15.63615544129297 1.44686155331665 2.103632673879955 14.46675944569872
2.59370320284538 19.27471440295839 13.51817626432406 7.664401931841472
14.58365584745592 9.275915395456527 18.72825501259641 16.82687802481754
0.6322390875017101 14.78162168367754 4.072932142823919 4.570519874520636
8.513098506262844 12.26612540441952 0.9594942534076898 16.56103786060689
9.484038864915759 12.90939276309233 0.2247650727556625 8.490392942539863
10.58030475622728 10.18815935639291 10.10481805476077 8.959847489334807
18.50477049789236 13.48990856511312 10.72119894418922 0.334429546776208
14.40522678938668 18.20052614248702 7.837024927985846 11.49087679587407
7.305022204143143 17.20308791146652 1.920437323964735 3.879361270870202
14.41746503619735 2.535413519534369 17.32962606789761 7.500793313168691
19.73453964748525 11.41695243628001 12.46981773498473 8.209697938884835
8.72350284000037 3.076175760841377 18.57137591137074 18.26581837167377
0.3467882599376035 7.270627020483348 1.192186853362328 3.531318898560926
10.40079859927278 15.01792419771632 12.77880052864568 3.362269152617038
9.247357803774726 18.49633429140754 6.086407111797088 10.24281764695088
7.478685559242947 15.18664695891097 6.171645699565741 3.283184389824575
14.11445748442374 16.70537217574984 9.61705838410381 10.83399207503344
18.74133941781266 3.152428775106918 11.42551987596044 18.59378085906122
14.88977038553143 12.14167006543519 13.83882094681228 14.33256811771451
8.420804971199354 16.96344558804782 13.92473501513485 15.4230450494088
9.956617672362825 7.557722686685887 4.116511430893381 18.58630859891132
19.26134150118946 14.79798340979498 5.764160765444815 18.52382412291276
8.082266294673007 13.3570157956276 14.71032298130835 12.99736536889108
13.79281767504956 3.333125604863026 19.64647411445588 7.265243575822154
18.94768742528001 14.62576929651514 0.8288271925697441 13.3246320395555
7.962227043019156 4.755758443494861 19.73457325307619 7.246344034083006
17.98432443497157 12.15669273388941 13.64925629846241 4.235315757300357
3.55103724536567 16.21643054180643 10.54610914494306 11.02735076040309
13.18614035321388 4.125328852049078 9.747470513702627 9.893668007746511
10.59327920604499 18.36833821284196 7.934617788798063 11.50160805132805
18.79206650508984 12.06755703026534 11.66645510830572 9.768953159103903
18.6009846250948 3.087351111063522 8.353768647987186 8.332197630835322
4.204179305773569 8.86817703012397 9.236368307530281 18.97926980042788
15.13413164561196 11.29781228517628 17.39528426452479 13.74592305892065
4.836486152712728 17.47936357624144 11.61376934250858 11.81786045490955
4.177050007725 17.84583334341551 12.04273325202195 11.90036980858313
0.1212216800493136 19.10697259207824 3.687732207884796 13.22371706654916
17.36740537191884 18.61932492433377 9.342741362205722 19.48592057804191
10.8560412598798 13.59836703382808 11.00281430843058 13.77395264325806
5.390673629474861 1.555789528514696 13.80425101331296 2.655757181100387
0.3608269793005356 4.682026382624765 17.88164640115288 15.60443967515249
16.70733915666407 12.24864006361256 2.108244496233545 10.85187212506017
1.88481042254445 3.017096537976728 11.21061828757148 17.96152645630342
5.33862365318249 16.35046190798971 6.02420267299919 3.899016040086142
15.5391094410492 9.537275992136355 6.612645696055784 0.4078194215057827
5.221571415109171 15.3268111900301 1.70510083483753 13.73084577983552
8.517272001461336 3.69524153013772 10.3519729908045 3.07000418181388
15.48949570346624 3.189607585618258 18.89421210557822 14.26662913681032
14.29728764281999 19.49597229176792 1.292968145030265 11.02146751561537
11.70360044933899 17.62255730694429 16.28453384045883 10.64614663873396
15.77480287449202 9.812239796649973 17.47679129240804 4.124757932868835
10.32448177517851 9.937787662379455 14.28501638434902 14.53685968964318
0.5880526613679424 4.069240240946109 18.20054345891151 19.44695319645873
9.902659769292026 6.677871117641266 11.9216692490168 2.190977441781095
12.66652014363959 12.10224845040247 14.46839000594415 5.313587633159243
11.56864615031105 5.020925325520845 0.9763430856702802 13.98345572192007
11.55061713429868 15.12179241311528 8.90824649791543 1.317876521921889
18.59572512464182 8.131074774751717 0.573423235688709 3.966650028318838
11.49870829004777 8.821308433955679 13.82178579086012 4.456607278195365
11.10214841893315 8.017538261336959 17.86759945506458 16.45630314463212
11.35906658023061 12.65570959996854 19.00737009895063 10.38055699810435
13.71010420766136 16.17875143869786 19.21061505955941 17.98688791279132
17.45640912721818 3.722464785057337 18.74420030675773 6.520965811487537
15.27690414108751 4.283407727007399 15.35955637219338 15.97660545619464
7.799173836737482 16.95681425833472 17.53965998508284 10.69103947367283
13.54683703994954 2.982377838729723 7.818787970598361 11.67841106318343
16.00369506007884 14.19991005480383 0.7261755587847882 11.79187753078375
17.96978632578679 10.81271977573332 0.04911423379949298 18.15387751116708
5.8633306120112 10.6901696649765 18.4828266201967 17.08547568611507
16.31482880999961 14.79354891991971 4.781112212958311 17.22327963059969
10.88560507822905 3.518976753694284 16.97922376416544 0.560946924470481
17.88186635811496 9.803116072021659 13.30212565155031 17.59777109780209
0.1584401647818554 17.19386449883239 6.390391789523976 18.18702519174131
2.903782772230691 1.432655959100121 16.33259469976122 18.79218852894903
0.5103644566261076 10.94722512655284 4.441225158367704 12.43455164472131
13.15968061886339 12.84621490960777 0.7218784786546304 6.647811989499214
11.30130674528051 16.56450192177071 1.64566846611886 13.3645144138586
18.5876346354233 3.437803186337401 5.927795559382786 13.29880315520578
4.424524477314264 17.0192966974244 16.4931197189614 18.5608768640153
17.63870747777739 9.027939771633033 11.10273414342233 2.375989639796313
4.77709142303624 13.93434788480918 19.01644150403217 7.033367755644991
0.00305527763311142 17.24309438469072 5.114767021802495 9.208490073660995
2.944625966012339 18.70047285026632 15.0118494093856 1.994090990582601
6.204814141491019 0.7274548163524694 3.19790364954954 14.83185189928175
12.5663488177266 17.08134847402091 5.775340803315542 16.29417031977911
15.49738684073208 8.399662162798515 9.559623959968501 11.67716587696156
7.79637699527156 7.434313678497108 2.751194817420729 5.564174887453865
1.75789653176729 2.749985213552529 14.57374135453363 10.31348135286436
18.72405531130382 8.414418864603853 4.704463261542596 14.16805944193954
11.86181493455904 6.402250307822662 1.678912558512196 1.033107194090431
16.18173573195704 19.89480437713803 11.85410585951504 1.910952646087637
1.773100755632127 2.910329679053429 15.25146036060553 18.74085953342584
17.39219969210844 17.36507933484706 10.11535738921326 15.12267683472957
14.41061751423261 3.076091043624399 16.25662821355423 18.3350197128395
19.55086541035215 0.4855207345841714 10.83676883196394 8.413541221670787
6.782607586275221 9.547919519621312 1.345526526508765 12.88181243131526
2.325559789326529 12.72422084719699 14.14576118586694 8.582209029663492
2.048085541927912 5.143826799789722 0.01456708517404515 1.719719134071825
11.20297255934176 17.19911898607382 13.70369461881999 0.9404705924618604
17.50132458028921 18.99118939554884 2.281785216578994 12.61912483102643
1.112993769657128 8.209866432657945 12.08184439430643 14.27115934630378
10.56103099348505 1.437324685206672 8.724783890123879 8.330509231118034
12.36615312521434 19.27800046670427 11.71621186208647 5.195417584257215
15.52537960864389 16.91766060895161 5.957192878340108 12.85353761183243
15.31303219976913 10.34840413263616 13.32208554408928 8.662023544029379
18.12441710864763 18.46978507280286 8.083448496352299 14.19046159509977
1.052101949636851 18.29950828335674 19.6120371658022 18.52354900477841
7.052788258823818 8.379671434270076 16.8430592424291 12.04713504442988
7.718400779018456 8.471292644709939 1.497768641685418 9.691244511371167
9.367912904163138 13.4122815951578 10.17783964862638 0.4153004667276492
5.126651023127829 9.538242700358492 2.777282227076369 12.83208372934698
16.93417614381592 1.917292916417553 14.40935487199851 7.551118691249529
7.280032826732329 6.262795753458251 3.549468054753112 10.98511674181875
18.59616487282162 8.96622629218318 5.571099368116283 3.659956686139888
5.456783872445569 2.684886374901642 9.449638904261832 18.09984348763261
19.83446033092776 0.6161804678486935 0.7961924561458442 12.96575139294057
2.942735612319614 13.58753170379758 9.718914713751753 0.5836048010687787
15.59952195113795 16.26863895774129 19.62249345997679 14.6216302217036
8.269029764704671 5.801563576575869 17.31411333345194 19.35931777348578
19.14974794216337 15.11500502750314 9.739479190981621 12.90240029733095
13.57591036099329 17.57834582585853 9.456820267979074 6.333686540399096
9.133762530408388 5.151518260157143 0.3440745509453444 15.66408726461472
11.80735534194416 4.004448630098075 15.91776922637388 18.216147276821
7.072558337512907 3.817645152382413 10.58976277270611 17.06739367525149
14.29803657804196 18.35173873780363 17.83933345248223 16.76140690936486
0.9586608745690115 17.35011613687415 13.71142780049133 3.986618617807697
15.29770949606619 14.79228657565485 11.08084795254706 10.65675576427395
4.214086201416237 12.96898208852408 2.64106659617512 4.854097564527141
0.9037077157466165 19.73936194554017 19.89485677079187 17.07587020018964
10.53554222322969 15.52218580211251 8.923831003040682 7.250172383066901
12.73546512725726 7.331418366252954 16.65361203219033 13.64790626587896
14.88609206229913 17.74593090589246 9.144346339503539 6.621128986170373
0.1715043157920091 12.67375555577123 15.52844259832774 2.257456260433151
5.219513377669699 16.7505108045767 3.058695809994641 19.20363398198383
6.841058672221844 14.47313739644498 3.578443111117485 11.32594094907371
17.51219022802569 19.65593544829519 2.065766222375834 4.380598139826582
6.965516301069758 18.12804284924603 1.641014032950619 18.38533165957642
13.33872960876159 9.512592031212924 4.742910304135858 4.751100863205831
10.04607569781519 12.2868778551667 2.594907173333075 0.6473003018287491
6.996545289108752 14.95431900366276 7.621201359470034 0.6383220492899131
19.62017665010647 0.3760525438075577 9.429048279656481 3.327781657677646
5.563743668476805 18.11136154663373 2.940738607827283 5.34538593301798
19.19534522458181 16.97114344492246 10.60307646416836 18.49927323880358
13.39846397083822 6.65741642656286 18.24818084716249 12.68453132739931
3.404900653028288 14.51381566439343 18.85496154536286 19.45273821389895
17.04024502372084 18.33163754316214 17.88588570933345 19.21489679075133
15.28197138544778 9.0663574372869 5.761113325512915 16.79809061396963
8.561054759024104 4.175416183438939 17.15794049163054 5.627012287833701
15.34927754242 14.6863697881676 2.440721644985103 18.66628698459821
4.462102856323061 1.441485483643844 16.65552140111476 14.39326592090818
16.17150300392773 12.1194892806093 9.46802550640127 18.64659935013037
4.30654166157543 8.544546028733022 10.65791750800342 0.3759501549198339
14.90532081413817 14.39901874332918 6.964955567977466 7.352484609129256
11.78420334341086 7.910179033778789 19.49697671852843 14.497495488973
13.51276853346237 16.62758654112395 13.83062342975148 12.4529506941025
18.84578054440596 1.902698616736969 4.166129668146023 4.381872151980652
3.006760780300946 8.75348133965854 8.727783208888239 19.36675543630382
5.355329270444567 7.754154858203176 16.53652249771532 17.91658245737796
11.96703808055305 16.28514800530404 3.545120411327046 3.473252581651814
19.3679859192614 4.089301292251312 5.597203843405659 14.26445295906399
1.305060787442526 3.592959331868038 7.364595903413583 10.01584814072881
12.42724254168027 19.11087906940615 4.776239580743838 5.861768944803184
14.49315721313704 18.8163996323866 13.46667910513949 0.4375024450295415
12.45372944164418 1.62778640555249 16.52494219477411 9.777815694807858
19.9286279573483 8.874922209184183 4.933664156046666 0.4103612570239665
10.48031158591471 1.937849857215156 19.41309512370565 8.670215587168627
15.84917520051282 19.42407091558507 15.31233647273575 12.93344534370197
5.834357379763659 8.804553240094691 18.2924976490625 19.66292819999786
19.68275292384016 18.41304257495191 0.1335088913290625 4.015685813111128
17.46622026527698 10.82782228026365 3.608884678501431 10.90584308506951
2.283511177210945 1.499829596996583 11.29012752697803 19.57823585810069
4.004967500306783 2.550431448367462 16.33156088059849 10.55365240815291
3.321923975373053 6.884601707518972 4.876710866617268 10.18957511836133
11.47133614241142 14.65451928361907 11.10263769828965 12.22824104303034
3.345319665894663 10.2131450983533 9.572852130644812 19.4445793433083
16.97547146844648 16.03801559011313 1.027997923143938 14.02822717263585
7.513981470612952 9.982307684322395 9.30990609700506 7.111066379499556
3.961728388372442 18.56952997610992 6.011955381420578 9.250856054687016
4.390217812359142 19.29968866792793 0.0896458549289556 7.296928434973048
7.828534285934089 13.16896481779679 7.189725893509552 6.017602356592006
12.97370765112037 1.06900487001404 17.28100033252974 7.401994681233494
17.26671581466479 16.54091255445716 9.713317903354469 10.34025477564341
13.78492058286102 0.3197186845496511 9.35485724312924 5.783305575017295
3.967854263335687 9.567726051307732 18.77095816728376 3.846900773983891
15.96589844774495 2.84097786831088 1.274387856702651 14.00604879753833
5.660320247695042 1.856619375303022 9.843925666397842 8.105052470019015
8.035938761935776 11.32057827631836 15.79283474917453 14.30053989468612
9.877053267608666 7.059969578807329 6.551413758324839 1.472924843006161
7.912686701854908 19.79535412134974 19.80895411404293 2.247833383046941
3.726623747327681 3.8527106679414 10.62533599872143 17.49974212880878
6.536667004205795 14.32054996732774 4.864459425883982 13.42925348225901
16.24292084578827 6.698275582213614 2.977556338263797 13.15436866181679
15.79692900105123 12.10040717748704 19.33608473675004 11.32453892085689
1.605351205870403 1.049689170088518 9.550996855216416 4.736218869156668
4.928823129493779 17.37245506833712 5.131304655882981 0.3562523953996619
10.73071674365946 7.927267178357175 14.60262569482334 3.398395749512376
11.78953953314185 15.85027389952824 2.114543536424421 18.85223432602569
0.3578934737670645 7.541964885773994 8.723373526205435 8.645545403751495
16.249433229038 8.52531978998771 16.52143610400337 12.48353001668849
3.264572556472173 10.92304142914154 15.8217042412678 18.84837061512841
5.884828157462895 19.83155163581274 1.607400452790583 13.97369658863802
11.48446318240221 4.515825600179012 6.004563457749582 19.24067643522472
18.81263576118893 0.1320067436641268 11.27985401061997 12.34747347101508
9.517626921951534 10.11992250144196 0.7169339908789283 16.95934143987736
9.626503416344864 0.7864805001843909 14.73446462415781 15.58286200667584
11.31176340893025 6.187463865492894 6.228629511986058 10.01358271575966
16.25223641513528 10.30914347147348 1.423394535897785 4.654498677633906
6.160021261862859 17.20423036591287 0.4732176470831315 2.206093736919737
7.608568233695444 17.62401524558133 10.62534364885085 12.09286959617451
17.39519853845352 6.653325464512299 11.58633349431665 11.96016708255283
16.663431381501 5.922682674720049 17.20877862014395 3.458275277734114
18.84090395207631 4.270887577101873 2.926782848894431 7.261620060820887
9.439228707607176 10.18422695845008 9.918537035764881 2.43250382843715
13.15148219531487 19.93894653829581 1.158912739416203 7.454080983703006
3.820930284327458 17.32734103882571 6.914170591932752 2.079866387231767
14.68202921724906 11.31314477356134 1.237609878049212 13.83924822472551
2.428486118233669 12.8049087961717 7.804845179548972 18.44282583487849
18.57346015560243 11.45976456676513 4.57222372826923 3.540986266761471
13.20684742784949 9.514016933414254 18.24409477886621 6.857606471100853
19.76183263172685 9.234093309942338 18.7230401038386 11.96937322625636
1.868025608484412 8.170672203741821 19.2361799608837 14.40743196286371
7.412359653243942 15.04717756695521 16.28831432276004 12.54997663709437
13.17840346719455 9.933215664948721 1.175552919137862 19.49612893232495
2.289838402490615 2.274718148757656 6.917195314994951 8.365301263704012
2.694569525850318 16.34695252386493 2.34902689802852 9.359347055391169
7.215716354025449 6.033815152620564 11.76300396076453 12.29751871155466
10.18015857052551 0.02739113740807575 17.40292213239072 14.40473777680829
3.006949463867668 11.87479780885768 2.638637964902003 0.0558279847186558
6.421360314798053 16.89980680390148 4.948642817881876 15.89500705715529
13.37324701699266 10.38112926971139 5.088458056503887 5.120704016179344
0.2659185440575316 18.98521656367223 5.929981041549644 18.91835335058903
15.47139400222631 2.52163781307304 9.61582489183164 7.411775318398005
15.43739093384025 1.459537884887855 11.34271129213753 14.96522151693609
19.99829262559024 6.600027275599222 14.68473850114913 10.25700335229069
1.219762571595594 3.492120097573989 14.29658118363854 13.09626384460289
11.06067584041923 8.488298477274665 8.967449735713652 3.283681022450779
9.736585866156634 8.350771090476046 10.47829042779758 6.700314274320553
16.85594214683106 6.899722120641566 19.44603064976956 5.368385571311257
11.05491738144107 12.35984303308751 17.33260189289152 8.749001774601835
12.18992732787135 7.944789741224331 3.692395426085366 13.64992853558003
9.24357791585321 6.530915011991109 17.119472983805 7.027617632701691
11.76456950216181 16.12652332653086 12.88585269644613 2.632241380891861
14.70169369651087 11.59994533036516 8.090086936907513 1.943771761188092
11.42186292188228 1.16425267560121 9.330098884639749 1.393707225504003
6.021724788166832 14.92647835636092 1.918190022054219 10.98739952164178
19.31753389855315 18.41025107198694 14.09580264765822 13.80858570669839
15.6634852085638 13.79075057930923 2.679289234280536 12.99450541874604
17.49140319257563 3.544731492394116 3.305227120979532 14.09045914111189
18.52832602920385 8.995114750407311 12.80906014330229 8.265990321039018
12.91805331703515 7.666854895112039 18.66089321693198 0.6521540315157779
9.760941248985773 11.45299585322724 14.68784621045006 7.606736085165907
19.47144442704542 8.649942817761954 7.53488634217096 18.71941346353435
9.767450678351869 9.908717433799699 2.119912473248199 9.73169662575898
13.84952396019246 13.94704369411738 7.639328078293058 5.510061767865126
4.255692174641829 0.3051480696438644 17.46918037066109 11.87229947761747
1.619706195999485 13.82915645264339 7.640747366261581 7.452674112831504
11.90946254263905 3.656154416279494 0.1585166258505519 4.992651277494869
2.23025772574792 13.50705662080702 2.256111243236375 0.3499119187443331
13.9330337918749 16.60607452186388 4.970427212436653 0.6747958744455715
4.386268296058581 1.762316248715269 14.64347972723042 0.1486519620464053
4.208908217920687 18.8372551055358 10.55696442997752 8.53004241755681
19.41844556817792 14.86944486196906 2.19183254076324 7.711133686144739
12.07906574819573 2.255963322659388 18.44921069451329 4.972294716815432
7.546736678508944 5.949572754390503 15.61852841644761 19.65115782117305
8.304859939387178 13.53739188548411 16.99992336110603 8.080113544364083
2.57701946593972 13.54717049627438 10.2132381773498 17.84817731408747
9.766952163377779 11.9667365579337 8.561951252268679 1.676243275603034
19.57208257893472 6.705651877854221 0.8024270898085004 13.56834131067796
10.71181871501104 13.72464635588744 17.81671319887121 16.73259507318802
17.70335887388435 6.593449392960435 13.36583461482474 16.56737405962075
5.024994275706812 15.85711560194627 15.85344531726924 4.425360403535866
3.428827237004009 9.650173238763452 7.971845297684052 19.46299646708619
13.25559760032799 11.55925567224109 4.067240458717531 7.992517857951559
12.57540736551773 0.2793035821903964 11.38197846390328 9.973547495348145
13.59063968529932 3.966712154326223 12.50075516570004 5.690722360459436
5.164836762565955 0.9616958157760211 0.6003245107911757 11.21016089475386
9.474835856867424 4.261074986221557 11.95022482074637 17.75975936122027
17.27961527446882 11.95308084408723 5.598313228811983 2.376457181024619
12.69973813109597 1.151598849661225 7.919862232809795 5.322605964459318
0.4384262366449052 14.73886954478471 14.40161100221327 5.028704030883287
3.529057617612322 18.67027320310286 8.615666923281045 2.05858597664193
1.11782892964967 15.79956745066004 9.49653470264923 3.127983844042924
7.871046217731706 15.54970688767212 14.10319319622602 1.269546708791812
14.93804249400237 3.673741181828444 16.00662455570526 10.50887688164053
12.53795512380874 19.09552489433264 4.055375787980692 18.88830971550903
5.716073310824315 10.83089977967779 6.388670202464471 17.88532968537312
12.24446953335671 4.104704706173351 19.93765893257087 18.12069610593184
16.7616622698799 17.82318968840445 10.92853874212847 15.74841670281617
1.653335890466748 5.741412596169616 2.019890326875982 17.13069688942541
3.916695387695578 17.46740746585833 7.104598173889211 8.873831130589767
5.757736066727102 14.34801235570131 17.45149537919046 17.26393992356086
10.87259617965938 5.318737363596383 10.86224982965551 17.68870660786601
5.595128510412351 1.916911513132388 13.71214731126913 3.878969875189099
6.940482550488421 16.4534031050457 0.1676537578327895 0.7527470953252688
10.7078896431748 5.275512834188999 3.974743083159678 11.66025830777384
2.850265211687363 18.48781011080082 3.920132577173429 6.220047336672442
6.42450466110266 18.48226039598828 8.512902752448012 7.979961014065538
11.07775569313615 8.163714199616217 2.023112466309934 8.347599525257554
14.25031505555963 2.223103296518184 0.3875036475429825 19.95205198275621
6.143601932237898 18.94241791998331 14.61182217196883 16.64614979315515
2.574474649752329 15.27101914034072 7.077607843714481 14.45893101220014
4.817974283635017 11.76569680335924 11.18790789159648 16.04275415489317
13.89496221942326 10.00782931205544 6.592426489486757 19.9389896330332
11.5854428057449 2.774409018504746 11.91734228650798 1.975925057784183
3.674073741716496 17.86896590291857 19.7760598532454 14.90691349629414
18.52050313664608 1.743560320106828 15.11801659312949 18.09359944830182
18.78667625443976 19.90070336881217 7.707315042080406 13.92811143116938
19.60767676595271 5.026256289570595 1.136913402838143 18.95678677452499
3.446581251388977 19.51317499461699 13.93658876940153 17.75004394084855
17.91724744144618 11.06864926901171 1.852136072715532 8.111194012095849
16.95807533808746 19.09968870657788 6.949492982722379 19.48685017785152
2.597751084721888 17.94583074319934 8.190884150180453 16.70342859105065
18.16679612157227 3.786169463581156 0.4745898543947389 19.0773254837295
13.1229069347508 11.93911466732212 18.66266448345216 3.512129589923797
8.074105375208347 19.08009512482182 12.33036518294579 3.757926489199174
8.725350641755785 13.90833372153355 15.26822876325396 6.960627607908286
19.72342133698218 5.769470781290701 14.50816385603765 19.77271764013656
13.18428542682508 10.4187141627586 6.074738283484916 11.25899346912513
7.807831666086486 16.88174315197321 14.78287756433435 8.598115549139001
14.82172437577145 13.97394064794307 11.24566360690137 19.49280116002931
5.674808752829209 10.67157201301053 9.455979513287843 10.65072864460705
16.42468374853199 10.09048438967799 7.516653671890415 14.32619115557067
9.724137194683394 11.91629853564277 16.02314779606178 19.86158866826819
17.22011937565732 11.45796275376211 10.50705936841333 9.732093562574764
18.89861967873046 15.1484051219582 17.49876688979534 12.10021198357477
1.816399756524861 13.19678055368688 14.62492998102477 6.580695807785734
12.28538826850002 18.22547157276198 13.66714838099397 5.818569417991873
16.90053552909724 18.16938945063577 1.602438705243857 6.85997996485307
7.843507834571652 5.073535802784618 7.095617318577435 2.64868467867836
10.23103803333389 7.772773228826916 3.109983532900521 3.736515494574114
15.03265595497735 3.994943739605778 4.436083542411909 17.2701448496443
19.62894433845191 19.98635249941445 7.829355379167452 9.16782507726991
18.88148435387806 2.082906158389247 4.750685986185595 11.89174654205416
1.028440760475669 12.88743686250273 13.24158826214147 15.66881505443916
13.44579590424425 0.4626410326855832 12.07535912059148 16.85329073573081
14.52834727691843 5.662496523506974 7.007051618097858 19.67273888262884
5.821022298677451 12.51657349276473 9.353855888286139 17.34613647797413
13.43150164342995 6.128756267242327 2.120687503515893 7.971019189223604
8.536211335784692 17.84081861442185 5.977066578911247 3.744660267970596
7.705322674986682 10.30302861772128 16.81650857682616 8.740612936614939
4.782919400546387 2.452121522014637 12.10518772754468 14.65425412972567
2.14124698686419 0.5908108238145746 11.90788648316984 7.404207399955628
1.057826536602436 1.989989079664586 13.98812896084271 16.11383143797052
18.32083822336343 7.91692885674259 18.20946036121928 10.96536330756723
7.783068439205071 12.10778058686587 5.026572234360555 17.5704080434865
3.171075953458407 9.56815025937909 4.601577618290994 1.174932196184705
14.29568457980345 6.465079870752469 1.795100643951323 5.153212708719591
7.108299392147227 4.45303834734533 12.73488346605993 6.942270359249712
16.24448153686967 2.483751904759225 14.81061593439957 7.039408464353159
18.12007510621255 0.8183730862622061 16.44220487188558 7.428586195022882
17.15114626564223 15.61110310515714 9.551820400288925 0.3902030330161841
11.43163093141258 9.256199372992956 6.618006054933191 5.997162705349602
5.359750952735008 16.91484842595407 5.095815587061318 7.500573284015858
18.08792777600548 6.756315033525814 2.220657004552463 3.12806237901765
16.36370100303481 10.82298134278906 19.14019826387547 17.03213274852728
12.2999779930704 14.25909415825273 15.60496142658015 13.87444899491223
16.5581214437209 9.427351356577242 2.393481304495598 13.0429065371776
5.807917378240965 0.004647867830443797 5.087351475395999 10.81385680942029
17.64812558458295 10.9114520579175 15.67850312661031 2.159054013096783
0.04165469700398639 14.16630794083341 17.46475931878402 11.59434209118889
14.78867712910233 18.15170869849597 13.29391754609174 5.553487593666252
16.08797467562801 11.7798507201968 1.204503473251527 19.7048951384457
17.63336319104939 11.54024011975635 0.9604104074608464 6.736397573889587
11.00368629063153 9.774124724375056 15.77709054562308 1.970060024594037
13.46796273946513 17.91935571239639 10.43288035090302 17.01626323484014
2.46384782762226 19.87113233152309 3.134860041844258 0.1964731814048557
2.255149394705361 10.00430335353568 8.912484569653049 13.93208823130168
5.696960648103961 7.238643800111379 16.47545905140443 14.88201831300833
9.451885611290788 13.43030380187374 4.04732016974514 8.213478327835702
7.91798928029762 18.88227167810749 7.393100111169283 11.42274839102181
1.380006260911176 2.235126447679419 15.38294287817093 0.3751628509344616
9.458761212915709 5.805322645339785 6.206443660324173 18.50316211732022
11.72164425648614 5.159839572363646 1.547184830072926 19.72395931167138
6.391822486194537 10.12236799398399 13.80578049906722 13.34701515935604
3.304195202313637 2.56049059905691 15.27954063357849 3.814616184366307
12.32039364855837 11.17911069205433 12.89156896165685 10.77149793774975
10.51795486396329 7.154663898263954 11.63080129317458 6.418919344495778
19.62419213646521 14.91902600005322 6.028207987022761 3.705279453272797
2.518686556347563 0.1554550974626498 15.0309984529302 18.79846714593602
16.42677283209371 12.96228390676621 5.67032010777467 13.67312124804341
16.47380484339702 1.319985940844496 6.15605354490341 10.34594126924856
4.370142970110854 13.82139667996697 4.00851682254287 1.905252768349771
11.80646093082099 16.07930381059951 9.251008940710669 11.88535256049171
10.63491977877412 14.98799093457255 1.11798481741285 1.001474773934895
12.07520006054838 0.3026678154679217 13.05632156358109 16.08880895198925
10.85435440409248 0.209656108397712 15.3774547510137 12.4005784320776
5.63453993171125 3.609958448013263 14.6611757891235 9.446220119538967
12.83096921205393 13.10966489574476 2.551932133666329 8.495502777431343
10.0693779615328 19.23939072801137 17.68847621332655 3.171749422523727
18.64549306121688 16.55519172629937 19.57512958023366 19.48912614797254
11.78027573458563 11.74882379089803 17.96849706448651 12.26872985289556
6.935226205689279 19.36032230031907 12.99687002729996 11.3865446357992
7.426996848058206 11.86211715773339 17.80650551712658 13.39548189814606
0.9753764956840225 8.095335994134626 4.411656100645506 2.633459860595456
7.789660477373674 2.584197177485549 9.455963280641477 8.928235599536373
7.833822167805927 10.9365260920069 19.72435055725188 0.5780900900284367
17.23750901676929 15.82050069218504 1.778185618692117 1.918904504679525
5.958237914545209 19.54790592070846 14.84507155770953 5.518632029043565
18.32850052862842 19.27589976338827 5.198455292784693 10.9876751670569
18.59279703127054 10.07605671165889 13.01228854729393 14.71763117111073
6.771903352386678 10.58742286062269 18.9189001025806 2.861505100454665
6.631034809537058 0.4072951024587677 2.237894169056039 15.91165095395219
10.17374632453861 10.62774734621763 4.891372314672652 5.373071889115048
11.12428067689306 3.941647837652656 16.88712335172319 2.946432084278206
14.64851796508355 13.95223698894113 6.720575077044036 2.071506503598058
15.58540477747568 15.27181867061578 9.3334243037364 7.47533198179397
14.93127330147255 7.743726210054306 10.81989215001022 15.77988372084111
19.52517077634663 7.308887864199422 13.30836921284053 1.154773458745136
11.32292883935179 12.38870398606502 12.64194328013023 12.93642414792682
5.461852141406133 0.8684697040897014 9.422819807335705 19.66098640637177
3.060498345321751 10.11883323973001 12.54588009980461 5.66068246104085
3.046549015513479 3.984233329624182 16.26087133497028 14.27404214744059
13.40623870371273 16.89794317196434 1.98099709836571 4.542992471143053
18.08594397846428 16.98224816198605 3.614095455517509 11.98133962619935
15.90704536804438 18.5826834550019 15.4141323754769 14.48212451456977
3.793774248586922 8.286203951272999 3.179493341862117 4.288606771144382
13.73945692136165 14.76966454587125 18.67536282936022 2.362073892243505
8.974481292691085 9.041659028234244 11.03203154963705 1.20484332477608
18.80575761962539 17.03343513224513 11.01223337723836 18.37937614370203
5.792549259770986 2.298760471601687 14.23572861046259 12.88287149685517
5.044057541054926 7.699997088470246 4.263731108106191 17.37516238382327
11.63835665849931 5.285247532147216 5.743548253613936 16.40044495581384
2.123088596643027 15.20274721530624 0.3350786069057308 8.485690090588854
8.212319326129952 19.04273495115515 12.77978001183016 16.22640186193937
13.49594764626665 8.853112845970641 9.578168259146974 19.10463556789454
6.423400137337384 18.5171152741037 9.720186798760521 11.11503844555127
0.993701481633674 0.1873470804534669 9.625380531248297 2.958889131529775
7.40092482374696 7.476577853859329 7.897957584334111 13.76522208539413
8.582848360793854 14.99884143679711 3.984747137011032 9.617804945679346
1.437842572085003 18.01043713053292 1.808902666745658 7.588572759869031
7.218952782289069 14.44948829615425 15.68709256844771 19.75813021729938
0.8943919615683225 13.28958224954029 7.670734628254191 18.00026194517118
7.792190372947005 11.01863954570907 18.42310260191442 12.34287005668877
9.014159787725736 18.79148588940169 16.62746275824951 0.9330955225173474
17.47694298289909 7.558360942533478 9.347013227689962 6.993892974288331
16.79709263691742 8.648359851192474 2.923415960963819 8.261850305096957
4.565151126183743 0.3941419554362811 5.932910039540359 19.57119135705743
0.0978723112390365 10.75884370907751 1.200670932954092 17.22466679884117
18.86647914275642 19.25458208120524 14.70409261517096 5.38635561387789
7.247697235335283 0.5357538191797104 14.28810128491273 7.877884217508967
8.117379316322776 17.4191595874413 1.867945866608335 14.21191454645992
9.757985223979114 18.38438116269987 3.354723398495239 5.126185996188069
19.2457612658935 11.35052780246574 19.11873511080786 6.622898315597864
6.748951813777172 9.904076312034057 2.002236588778 18.19693422036041
1.978964184713868 6.310905903496344 2.592687121157194 1.704641602000104
18.21344081783223 16.62027469152879 1.755058905254759 11.20593035448131
6.917558176759019 4.26549844664197 19.94517297770312 16.13680150714282
4.518290032919009 0.9093327526190129 11.69343414020039 6.07747072042132
7.921082796285753 2.718384764067293 6.754108751621052 16.86674155696654
1.521965113578244 13.99586026959198 3.25921290204121 19.33432617638455
5.997662926713111 3.147099148325286 8.150471403785462 19.3701628555939
7.307086664930934 3.914984402848006 13.11342732295731 4.631016855128097
3.744968788379884 5.416193395755174 2.497791675714543 19.52944428009534
5.032798291576054 19.68699137506867 5.87124754038144 18.35575015193668
17.39386523571174 17.82931347345666 1.615829664043012 16.10280034058939
6.148799058895969 6.978130251224725 14.81292736095766 16.51895259616997
9.134030722788287 11.51398818469576 0.3217342961199607 6.429207302747217
2.247435428367504 7.108066497842821 13.62390944197565 13.61087278495082
14.04372464945643 12.95270476369582 6.947650869191274 13.45818257583795
2.32779060082367 19.37185770160477 1.034119167226789 19.68005245307632
12.05723847403228 3.389916694885345 4.808068944207088 5.609920653422439
9.417730620326548 6.329525598829035 15.11447499821859 3.245512584641711
16.61841581110514 17.26672519071262 2.277729769699527 13.45008026134304
10.10410750764296 12.22588393974325 10.26765241442892 10.58853074714254
6.742116870478857 10.79129116352473 14.350055187994 14.33006333459161
12.39088790585896 11.96091265229699 5.402038109085288 11.47833192357065
9.861189109955312 6.152745067206776 10.03581428479487 17.93827424557858
11.64982499220022 17.92316968050073 7.515303592130863 15.36143681243072
14.65980007738765 6.929212890143615 4.802109290463251 0.6882308617264963
19.59878571361915 1.926269264995329 5.285694385279674 6.104282005846168
11.49111048364085 12.30011773555207 12.16089761083335 15.28052323376114
10.34427627904147 1.690832550787725 9.658425717976019 8.199502377435396
6.605646508931101 0.2979562368353781 1.15309499009658 16.66534643336832
1.061954347264103 12.12321718111628 10.49444677365349 11.40826245641464
15.86278806192227 9.638627138980141 19.11488351596849 5.964280035992503
15.1310901679343 15.35927496701243 15.1240635976335 1.524225376541689
16.60237650894324 14.55702577592747 12.14630639739658 4.441693358932791
17.82864641264721 18.22429626267677 12.58380668205788 10.49475800872699
13.76455383161505 14.12622355320053 4.831219683045179 5.262409671149345
3.831342643227908 19.48540348933539 10.26534128136138 17.59978131301899
5.496365586101678 3.691458767754344 10.524288236366 11.90990563965833
14.41280616016429 5.803088992654883 13.84221941582061 18.10735024645311
17.44759934727251 16.62329609479893 16.94974029333895 19.0231341886738
3.778617755390447 12.39322165145392 0.6793979090277733 15.38741713494951
6.812468720083512 1.744502611101356 5.257021038501414 1.079839051361561
14.0599962048078 13.76338886197475 0.2270225228156662 1.605019507917472
8.934652594667508 9.30624297617403 9.990512465050397 17.7257144567169
9.318197760337091 19.78386698240837 1.566163212166046 17.73958174842069
1.765210080085694 18.24561551712734 19.23668862896372 10.68015501520445
13.45384076248203 12.31750779985665 19.68617763003714 15.79329120425175
1.429130581906305 6.61828550141237 7.643858536699296 3.65956730166808
15.468991791128 1.484945750447538 11.03183203813921 16.99572970759556
2.56899468450647 8.700290759029931 9.088400869732695 11.4074804616752
11.8368279948819 4.814074140625176 18.55251443428658 8.187527217355935
4.271675933919808 2.40399807433915 11.87531173430535 19.26294382371479
14.70441657682724 9.172402749706359 4.977172060868541 8.862459745666472
13.23295305341914 2.775413258620264 18.79411631312629 2.603573267375553
14.60583910392032 15.16934539096879 13.03208843263649 18.02158431593053
0.8205376611076574 0.2451786618751104 16.13504046079011 14.09589772112937
6.174733786658172 1.356589298170331 6.583513562556368 16.93073438522033
1.55004169770273 2.576046717584784 18.34644070716001 8.486966021347378
1.772949197610379 0.9266321305059497 14.81133971393587 9.020332334134052


