t0
0.3817033835295738 6.447895555014246 0.03 0.5714935836483798
1.75047454811891 0.2738395941454926 0.03 4.330049559351154
4.089895575624679 4.696125077080948 0.03 2.40627045112283
6.470623414220197 1.319088396359082 0.03 5.317383077224838
2.065042802841678 0.9099001847388066 0.03 2.310664826204786
3.081780689015763 2.232960201955137 0.03 3.587969066657931
1.955255512463597 3.112984043707158 0.03 0.6379531211499349
4.549749616141655 4.771833597405278 0.03 2.708428543396516
5.506312365430395 6.560414682009132 0.03 2.494006552826677
5.22571225922385 0.9393359085727087 0.03 4.372918840943012
4.210745779337723 5.48300155103684 0.03 4.845617352958463
6.804225143651277 6.995617064529888 0.03 1.348846777374712
0.04540874682297045 3.145176231429327 0.03 0.767335032972972
3.01219861294656 4.461678089084027 0.03 3.078634829654438
1.304579188079819 1.078403952052866 0.03 2.906535332694638
3.001725362073357 4.720297675425003 0.03 3.047847688667375
0.7739071508566635 1.317388531918217 0.03 2.41183624861198
1.646473794544433 3.087189022212668 0.03 5.905041923751512
2.068491103487048 4.82243415213536 0.03 1.090704811098875
6.507269160452942 6.936081258262403 0.03 0.07479072842369329
3.595461685724811 2.582144052398919 0.03 0.4459696051123453
4.428536380572789 4.479374022051379 0.03 1.253581885692794
3.712667026859672 5.629092746610615 0.03 1.283349008670327
2.19350920090358 6.415905902452944 0.03 2.995511147436933
3.278620278838297 0.3660675666078207 0.03 3.279197299548924
4.267547057408262 2.987217348657461 0.03 1.097728765258329
3.7171950124551 0.3194293129750992 0.03 5.38888582995121
3.192840211530764 4.422534587622615 0.03 0.9865593350308511
0.6192055747871267 2.398618396435519 0.03 4.072471844779615
1.17332610912866 4.9123615533194 0.03 0.4297069637927354
5.137451797216859 5.805049182834902 0.03 1.06438700582496
5.845666814257818 1.883713346942203 0.03 1.339023696307528
6.818638791237661 3.127540836407694 0.03 3.909364379234753
4.351942137746888 5.04017222375626 0.03 2.469016383576963
2.951447690687917 0.5498523133688314 0.03 5.599930145399145
3.718652379834389 4.591625205473738 0.03 3.055436541968706
5.861851538340239 5.877513188475779 0.03 1.090515369857241
5.580216011708639 5.552942260400777 0.03 5.346791174800204
2.58851931634655 1.204592589854713 0.03 3.843201946659393
1.428023633839215 1.916771672673253 0.03 0.3899394707559442
0.7039764204884085 2.98325338983151 0.03 2.99867145296445
2.303304594477525 6.922141023017897 0.03 3.487437524070713
6.14559496602151 5.228743211098387 0.03 4.797611446200142
3.935132337612066 5.885286498523859 0.03 2.703035988346776
1.593527244943193 4.062300378252713 0.03 4.326588184720346
1.839520997234948 2.878158963268384 0.03 5.695723517532471
0.5256980136244469 2.920193886718589 0.03 4.341619808572871
4.947233620280848 2.616666591473915 0.03 3.488895835823869
4.564220453687379 5.159719631110638 0.03 2.717008685170677
0.331409635446353 0.06313057620626115 0.03 3.075349690847236
5.485801707235873 6.532551860719301 0.03 1.62829892919665
0.1749227004193954 0.9101720962926785 0.03 2.031451110211665
1.33205143612508 6.640553346947789 0.03 0.2271343085972848
6.802942591811441 4.197873579576689 0.03 1.621516655904874
3.495409381719432 2.450443798330955 0.03 1.032928002503606
6.977368040465162 3.883391478353217 0.03 3.580512555430632
1.194530266049574 5.306598378468394 0.03 1.793213226602803
5.484864201653912 6.209051209979141 0.03 3.890571086767781
3.484862030673761 5.60156932826638 0.03 1.911828506445771
2.741759711057493 3.914261748977661 0.03 1.486003704385984
5.163361114838734 2.161381096376827 0.03 2.407994257472392
6.274912236715569 2.939832556968905 0.03 4.179870916112886
4.214755366589889 1.199636577838559 0.03 4.528504761843302
0.0476564660878279 6.830148392957283 0.03 0.2132112920619994
4.194552589626459 3.758841396606375 0.03 4.198318813916632
6.508352096056488 2.505413161587595 0.03 1.681690839868535
4.594956817475685 2.537806890488707 0.03 1.12036084662744
6.938587530890848 1.45573003268222 0.03 0.4537530403664035
3.660008661763278 5.44235858603 0.03 4.551076603356209
0.2432051352823362 2.27809944432098 0.03 4.746330751145252
1.638773948529787 6.865100881067566 0.03 4.532172497924285
6.151448862815461 6.812527052541147 0.03 4.959558980842483
6.819720920136235 5.913243777746973 0.03 0.9846590738703974
6.767142497488019 0.4419571450144161 0.03 5.265507278516774
2.678969852373855 3.864620522715838 0.03 1.626867903744935
2.806307018983903 2.758988555687934 0.03 4.694486644499309
3.473179753890516 1.480433753692283 0.03 5.59669612034535
3.674170977104643 1.291866489698443 0.03 1.862825576516153
6.141064588060258 3.709249472260304 0.03 2.12046726966047
0.5567372573328903 1.219330010900763 0.03 1.493643501910857
3.363766323394457 5.613893757306494 0.03 4.52101933917757
3.561849777493487 2.058367314013711 0.03 6.090147423188093
2.880138326576144 5.970945996353095 0.03 2.542871917433119
3.375148768502073 1.031788406721003 0.03 1.3199939059139
0.9059743058228058 2.914563411467314 0.03 5.1823907878495
5.190151049427691 5.050388978144921 0.03 5.672157938403616
0.6742047493540492 2.260564815230669 0.03 2.304344951496333
6.451481075535842 6.333242421869596 0.03 5.22105004511777
3.322917504068307 0.9177124918921151 0.03 1.305082094247416
1.610047600684809 5.786435640556621 0.03 4.415357524710583
5.78931323624083 4.157139941250259 0.03 5.557247536070244
0.2138454313923698 2.525894075580644 0.03 1.924423535994314
5.761677763807453 2.296480748249946 0.03 2.514822575007649
4.550719104954109 1.807651761981924 0.03 4.716799995819811
0.9786979419532409 0.1240688250154683 0.03 0.8356372570532138
6.125406415988962 0.2077076786544414 0.03 3.192026269222933
3.121912237690338 3.488006828755121 0.03 5.579596662958429
6.162656854586278 5.086350366464834 0.03 0.5084744487296748
4.103823090892209 4.653615564926853 0.03 0.2439403754774646
4.342108395716913 5.969289345839477 0.03 6.032248958174808
1.110756237463868 0.9673194612741063 0.03 1.156017623479377
1.838026788333612 2.963669035360482 0.03 5.034579683985982
4.395177899932559 2.857118137467708 0.03 4.265981825944831
1.959682734631092 6.378464756426303 0.03 1.841390426110439
5.931441006281414 6.672251225973982 0.03 1.57964359003525
4.535312301626343 5.366645188916833 0.03 1.776196265442965
3.041416230403762 3.319144159939098 0.03 5.218439781997486
2.199142461062571 6.792220241738466 0.03 4.523119528409897
0.4055832979617931 0.6821594208208466 0.03 5.801845154761936
5.113847378273121 0.5586940981753638 0.03 0.3364385672847068
4.459698109315217 4.683626810104748 0.03 1.697486390732089
5.74418346540626 0.6979492156004284 0.03 5.154002379948752
4.277110349849494 5.40000580154914 0.03 1.038204021359486
0.5772142814071928 4.637204686898748 0.03 1.292793252296251
5.058708363844429 1.474136262760418 0.03 1.326886681088066
1.481236101099645 0.8645222602608422 0.03 5.598770249988602
3.101645233937463 6.361396769859381 0.03 1.590993521231163
2.832378757393163 4.887664638622901 0.03 0.9298967722518962
1.658326972054609 4.501714926572489 0.03 3.814648136799904
0.5821573707112593 3.073933964424805 0.03 3.759575417222152
0.08124642187829888 0.7878638092700234 0.03 0.8286182034253214
0.4003585592106275 3.706196423758669 0.03 3.425122593239322
3.623462546439012 2.910056050524654 0.03 5.336487359393114
2.628767840063436 4.647304735892751 0.03 6.044639626514837
5.713858780576147 3.715536479437605 0.03 4.55461083306353
4.558341119073578 2.172470476470123 0.03 4.063989699420151
3.524203734209717 1.308844180396467 0.03 5.886783071798734
2.976488777599853 2.769030422879343 0.03 3.581568958982544
1.87314792016524 0.587135142237545 0.03 1.514182507649925
4.916389905673894 6.753002633695175 0.03 4.784444735875025
5.62139168039254 4.098969345968296 0.03 2.992988296168636
1.911402463704463 3.109051588395089 0.03 2.151508224014313
4.801925547630018 3.428795370729648 0.03 1.576624060685148
6.459833257074825 3.777106870357195 0.03 2.209017014367563
3.594239686173584 1.607413999759805 0.03 2.767180189918287
4.713736080312123 5.265132070181641 0.03 3.012620283271268
0.2434674365305152 0.5083133722677075 0.03 3.189215887167629
4.230565113379065 5.897763494953067 0.03 1.11141527054524
0.1239698605382183 6.812304445284437 0.03 5.959694128800651
6.414086043532023 2.90009141449201 0.03 5.928634453980306
3.691837669148882 5.725602873377333 0.03 0.9333697499741217
1.35062450206274 4.435345574528848 0.03 4.322822940937784
4.431512837942361 1.60981836274588 0.03 1.819846286641887
2.229332911013992 1.554931251057487 0.03 0.8896269844532275
6.730553671735924 5.430963170088022 0.03 2.417471871554284
6.900642105027572 2.383782261198975 0.03 4.630998021015213
4.279274792002529 3.203488016834756 0.03 1.769011581254837
6.28087591416238 2.118434887611615 0.03 0.8485291683753663
3.890443192435516 2.538418598596326 0.03 5.264201451160857
4.755159113412165 6.268389516406508 0.03 3.865369251566287
1.023485457138486 1.931898972708652 0.03 2.753169137858777
1.856552893870822 0.6740099503319462 0.03 2.361103455380797
1.825717543561515 1.982627377014711 0.03 4.040265021712775
1.334268530817635 6.558501935353881 0.03 2.963637614444793
5.037277380978764 2.159247866753806 0.03 3.09877083125759
2.089055686426827 3.77186156975355 0.03 2.622663590008119
1.885060256845439 5.620159418018345 0.03 2.08598443419542
2.304016068164965 1.271730871826162 0.03 3.744882125400891
0.3548466998030074 4.555241548228421 0.03 2.473849628538588
4.533296046307507 5.527925473078284 0.03 0.1977377681397853
6.810220023002384 2.360378370377222 0.03 4.136472761620461
1.774855529232497 1.841465302454351 0.03 4.22205583689478
4.100550268175201 3.293096396054553 0.03 1.229790737219905
5.239840228779484 3.280507437957565 0.03 0.1665855322569124
4.659224385937499 5.185282905612218 0.03 4.128261202223497
3.460323235095808 4.369456453469486 0.03 0.9654067554028767
5.480669445427295 4.142203275398995 0.03 0.478035377516967
6.709659197941503 5.124107075007912 0.03 1.202765738012844
1.297183989737209 0.2008828872888629 0.03 4.93542444021146
0.9927638538261987 1.888031827653327 0.03 4.199308997977941
6.252017198956422 3.027681181501774 0.03 0.555798294924292
5.746095264247648 3.188180146022226 0.03 4.54382822722459
3.18495189775861 5.660667164990334 0.03 3.94238039371543
3.266088332757166 3.30014191195017 0.03 4.272070817225161
2.908449621766698 0.5961847819233236 0.03 5.663703023584729
5.048787584892874 1.672636514020156 0.03 2.422359206577692
4.473962164521437 2.640332424990032 0.03 0.9033187271107287
1.181277395988307 5.240082380779594 0.03 3.726563729218735
0.4717225786902486 5.813158816065959 0.03 1.345620353708284
5.822078796783752 0.03195945259945063 0.03 0.06784618890706536
5.336567262225739 3.284195782154561 0.03 5.871771411326747
5.050452438709019 0.3996296654332432 0.03 0.5301274316975884
6.071897047693233 0.6227833960577706 0.03 4.53628399052192
5.591917831809148 5.262219401180683 0.03 3.89235478829226
0.5118238806923101 1.900978766821625 0.03 5.627189855478097
1.201489746451251 3.589864122698473 0.03 2.495012896020259
1.046209822887163 1.029129663210117 0.03 5.943200674941425
1.193989022017341 5.063727577843649 0.03 3.391421292875879
2.245240593347589 1.634208085815146 0.03 5.420063972640959
0.8169300420987523 2.633196082364894 0.03 5.297002281195296
5.823813288958752 3.783840410091329 0.03 0.09989658520126543
0.677222987767355 1.367686880794306 0.03 3.718018675581432
2.80917593971144 3.804127181031632 0.03 3.017700525923645
0.6877547401896205 4.439466698071421 0.03 0.9759074541417507
3.099123378206571 3.031967404481813 0.03 2.132634181664963
0.9268488591769242 4.934696045329748 0.03 6.195927376373054
5.236009348412913 6.484527230226461 0.03 2.167705806931274
4.432674580529415 0.8435102732500727 0.03 1.779371504303999
5.525091163120548 2.786044631002702 0.03 1.603336947263713
6.769686244085641 1.396046833338228 0.03 1.609924137199596
6.162476253509067 4.848162380673499 0.03 2.286323403739186
4.016948282804647 0.363462468339837 0.03 5.295659661455118
2.517816102402051 3.11014128994485 0.03 4.735255030321533
0.783309033933811 1.016289431956598 0.03 3.117124434356
4.138440276116268 2.0708903895816 0.03 4.510064258230223
0.04856201670213576 4.099150663632027 0.03 4.604592145831368
2.340554131212045 4.812523222565009 0.03 1.201910977542738
6.140994827558815 4.45913268045839 0.03 2.692020925364757
2.927838137298048 6.096218585092886 0.03 4.536999544200913
6.822612707999077 4.952581007798459 0.03 4.034308251433279
6.29844248562844 3.20981568278646 0.03 4.737716566997229
3.619447303750469 3.709905608157436 0.03 4.184981952839986
4.228539688166885 6.705787182271701 0.03 3.114277293105783
5.924581810546311 2.512691745549325 0.03 2.873031528023977
6.535786376563349 2.64729457154348 0.03 0.6250561283362189
1.770401057863694 4.250013437291504 0.03 3.734185398466332
6.052045296326441 1.461611423982154 0.03 2.756323780712591
2.241787572985974 4.156414162463772 0.03 1.335775521672712
2.761980346822125 2.363983850986294 0.03 4.860187831148297
2.316784973372883 0.1082166980972723 0.03 2.551255017555051
6.405722352855634 3.737037016569045 0.03 1.298900113244747
1.973274301352827 0.2455486736257943 0.03 1.756583849789815
2.363612281366348 4.672333114083841 0.03 4.001966700725032
1.110231840577343 3.53255944657377 0.03 1.463086707275034
1.817569585963939 1.603726162851838 0.03 3.273645272221538
1.09785121885971 1.334553446979794 0.03 2.159384366292599
1.027989125847906 1.822903978493989 0.03 2.349613662129571
1.424550259600039 3.218504803985725 0.03 1.014267475236971
2.832823646811719 5.079643478405865 0.03 5.996327379046126
2.704412099192702 5.708099619190862 0.03 2.966376334546728
4.172608457899415 3.836992011462632 0.03 1.456375073884107
4.752796453304377 2.893282166770098 0.03 0.4489794454280439
6.776565358730449 0.2107528801927361 0.03 0.110220397036857
0.07793310508126859 6.962653450321321 0.03 2.843157072841023
6.05413277366106 4.43599211287526 0.03 4.118550644367851
3.925107702340088 4.410803421438041 0.03 4.371786087229115
6.4116707726205 6.964429759456104 0.03 5.018373461073503
0.9994382254130403 1.17320392201023 0.03 5.817087610067361
6.951833592553258 2.115697306437526 0.03 5.071707956568231
0.5600564462725458 6.535916167933982 0.03 4.083180072535171
3.705452891524575 5.854940617229394 0.03 3.829098345770486
3.731790663984163 3.707281555207116 0.03 2.146401657472516
5.216890615994314 3.258225307211725 0.03 4.56898672351642
3.029062776125822 6.980410203576254 0.03 5.59902024742857
5.217988610025938 4.575919713114128 0.03 2.499709692392959
4.288837716952714 3.222412299225022 0.03 5.513532699803801
3.22999285259802 1.040234298483283 0.03 4.160916656072464
0.6238249213293795 1.100298738527226 0.03 4.683529471612275
5.105312664636273 1.153291432401694 0.03 4.821080441291792
2.849644504734127 6.209245853893919 0.03 3.223296039442662
1.628500509753536 3.383339657445624 0.03 4.002052067000863
6.773558516286509 3.557614214061354 0.03 5.343160500780726
2.725123494378885 3.997047506147094 0.03 5.806072907051227
2.448216611396031 3.403849274800085 0.03 4.85184253735534
3.8541309273512 0.6375748159725904 0.03 1.942994443293037
1.602466958127473 2.098688250681072 0.03 1.464789440855405
5.396469885979836 5.083337490038642 0.03 3.527322688266695
1.152207089338747 0.8152889953349695 0.03 2.324559434234518
0.7196417968388764 6.180050281576924 0.03 1.529881343028595
1.897610791191121 3.312344396042729 0.03 6.184366752365453
3.776077607511716 5.257413726866221 0.03 5.487471275540117
1.989966115859865 4.025164966854243 0.03 0.4324215780511457
6.755602045584162 2.739623647952739 0.03 3.577815165386058
4.484010799991341 6.107422175186675 0.03 5.939451738324907
2.572659906665931 1.202977458665972 0.03 3.140992957827353
1.32650762012771 6.188432216816734 0.03 1.738255729739546
2.02523899652654 6.188566882521324 0.03 3.67320728566726
0.8339543663008795 6.068888259128006 0.03 2.997136762785952
3.896858055157647 5.938465710993531 0.03 5.930836056375433
3.818484341542582 6.890868474872029 0.03 2.381074125770194
6.472787337308411 2.85746401696304 0.03 6.188637415970052
5.968928181305023 5.55289590055061 0.03 5.935323288849943
3.328425858682495 6.377750877459784 0.03 3.622906824754731
4.451157757129698 6.451713204420043 0.03 6.03010242174552
6.528438778635532 4.010309553387414 0.03 6.232915998832159
0.7605605423142027 6.180511494718383 0.03 2.727484309636893
0.6031012521869303 4.352476644700957 0.03 6.234967173538876
0.2750668012015174 1.332861301966751 0.03 3.33858494566036
3.056784384170443 1.074595104465149 0.03 5.483010395837915
2.962059317157949 1.638744378226306 0.03 2.8837005761639
2.067220157086585 2.872740261345747 0.03 0.4509998767277765
1.503301995637596 5.084036127475525 0.03 0.9965236337071757
1.836243349308372 2.256189093524883 0.03 5.30349314388538
0.5225030682908959 4.558282094158988 0.03 4.143223141736934
2.583256882059717 4.090082203758575 0.03 4.541160976431409
3.794052189942662 1.899411645542246 0.03 1.661203667898362
2.187323674858299 2.229376921996551 0.03 2.95134601718902
4.092939248504184 1.270184033429166 0.03 5.511859258162048
5.7267900690446 5.18086571255275 0.03 4.577107090173418
4.593905255841603 1.347776760725768 0.03 5.29116792964834
6.561533798179291 3.295089021932497 0.03 2.112594214525624
2.151973316235429 1.601237418334856 0.03 1.515763695404269
3.004070012320032 6.808346040868452 0.03 1.118832577970307
0.2872793045402622 2.278844234165735 0.03 4.241877220513023
6.274234145843017 2.970491841347252 0.03 5.16851269172611
0.7936518876040189 3.157537984206074 0.03 3.727597669782381
3.040121222457641 0.2639553586221484 0.03 4.985639729951687
5.534684672647787 3.087066674790629 0.03 0.7635861394659649
2.024782332980872 5.300066739149034 0.03 0.5437814589139484
4.366259416982105 0.5174112919836306 0.03 2.573405372235952