0.40790219538508365
0.40790219538508365
0.41435324181182653
0.4204880604725526
0.42308112815389043
0.42602204637784674
0.42700235245249885
0.4285202457293795
0.43294743445361483
0.4339909860814703
0.4350977832625291
0.44145396135946696
0.443825669604593
0.445311940104872
0.44752553446698967
0.453533862021309
0.4540398264469359
0.45989004011824686
0.4621668800335679
0.46580349934276116
0.46713165596003176
0.4718434496736822
0.47503735011045195
0.47702958503635784
0.47895857440906037
0.4794329160580856
0.4844609375377528
0.4846822969739646
0.48673777745307384
0.4867694002296755
0.4907222473048856
0.49113334340070747
0.4914179483901226
0.49277772778399487
0.4979638631466705
0.5068814861483566
0.5069763544781618
0.5084942477550451
0.5180759490653712
0.5186451590442025
0.5191511234698303
0.5259816432158053
0.5274679137160869
0.5322429529829491
0.5346779067812828
0.5373974655690321
0.5386623766331016
0.5422673731656995
0.5438485119957863
0.5470424124325617
0.5477064907411981
0.550236312869337
0.559122313094425
0.5611777935735378
0.5616521352225639
0.5702851532348379
0.5722141426075438
0.5755029113741243
0.580815537843216
0.585021367131247
0.5904288619301439
0.5913459224515942
0.5951722784204043
0.5958363567290408
0.600484904889496
0.6030779725708384
0.6089598090187613
0.6095606417741943
0.6117742361363159
0.6163911615201694
0.6176560725842388
0.6204072541485899
0.6242652328940017
0.6332461014488948
0.6423850838867966
0.6447251693553251
0.6497215680583994
0.6533265645909974
0.6608844081988123
0.6629398886779252
0.6675884368383804
0.6710353194879697
0.6721421166690305
0.675557376542018
0.6800478108194645
0.6827989923838156
0.6886175832785351
0.6909260459704618
0.6941515691838389
0.6978198112696403
0.7037648932707667
0.7046187082390136
0.7074331353565682
0.7093621247292741
0.7108483952295557
0.7160345305922404
0.7187857121565915
0.7207779470825009
0.7236872425298606
0.7246675486045144
0.7299801750736061
0.7349449510000787
0.7351030648830874
0.7424395490546902
0.744748011746617
0.74534884450205
0.7496495421198861
0.7499973926625052
0.7523374781310337
0.7565749301956664
0.7571441401744976
0.7614448377923337
0.7621405388775719
0.7626465033031997
0.7662198770591959
0.7696351369321834
0.772923905698764
0.7738409662202144
0.7784262688274661
0.786110603541688
0.7950282265433777
0.7958187959584211
0.8009416857679024
0.8013844046403267
0.8075192233010635
0.811535315929484
0.8136540419618004
0.8152351807918872
0.8200734656119528
0.8214648677824292
0.8229511382827108
0.8286116152944216
0.8315841562949848
0.8331652951250716
0.836359195561847
0.8368019144342713
0.838161693828146
0.839363359339012
0.8462255018615887
0.8489766834259398
0.851474882777477
0.8544158010014384
0.8559653170549235
0.85662939536356
0.8573250964487982
0.8601395235663527
0.8620685129390586
0.8654521500354444
0.8707331537279344
0.873768940281701
0.8742432819307271
0.8792080578571997
0.8856907270605556
0.8906238802104265
0.8957467700199078
0.897391154403198
0.8975492682862067
0.898118478265038
0.9060241724154721
0.9093761867352561
0.9123487277358193
0.917787845311318
0.9178827136411232
0.9221834112589593
0.9225945073547819
0.9246499878338947
0.9262311266639816
0.9272114327386354
0.9290771765581378
0.9290771765581378
0.9334727425057792
0.9365717746127493
0.9405878672411698
0.9419792694116462
0.9422322516244601
0.947038913667924
0.9498533407854786
0.9525412767966261
0.964905782447905
0.9663288073949832
0.9688902522997238
0.9732858182473652
0.9775865158652013
0.9786300674930586
0.983499975089726
0.9913108009103548
0.9920381247721948
0.9946944380067406
0.9981729434329316
1.0032642104658112
1.0043077620936685
1.0082289863922838
1.0110434135098383
1.0173679688301855
1.0185696343410515
1.021858403107632
1.0223011219800564
1.0246728302251866
1.0275821256725464
1.0319776916201877
1.0367843536636516
1.0372586953126777
1.0387133430363575
1.0477574571444541
1.0479471938040645
1.0490223682085236
1.0529119697305371
1.058445955635841
1.0591100339444774
1.0637902048815344
1.0640115643177466
1.0667943686586994
1.0683438847121844
1.0701780057550851
1.0707155929573147
1.0720437495745876
1.0728975645428345
1.0769452799478567
1.078115322682121
1.0789058920971644
1.0837757996938318
1.0878867606520575
1.0955394725896777
1.0961403053451106
1.1017691595802197
1.1024964834420596
1.105690383878835
1.1097380992838572
1.1111611242309354
1.1118884480927753
1.1134379641462604
1.1159361634977976
1.1201419927858285
1.120932562200872
1.1221658504883396
1.1255494875847254
1.1296288257663494
1.134119260043796
1.142277936407044
1.1428787691624769
1.1459461784928453
1.148128150078365
1.1510690683023266
1.1532194171112446
1.1550535381541454
1.1575833602822843
1.1639079156026315
1.1650147127836923
1.1702324709229788
1.1702324709229788
1.1732998802533472
1.1764937806901226
1.1782014106266163
1.1797193039034997
1.1837037737553184
1.1879728485965528
1.1882574535859685
1.1887634180115962
1.192747887863415
1.1930957384060341
1.193696571161467
1.1987245926411432
1.199451916502983
1.2014757742054942
1.2038474824506245
1.204258578546447
1.2098558100049543
1.209887432781556
1.2126069915693054
1.213618920420561
1.216496593091319
1.2189947924428561
1.2216827284540037
1.22452877834816
1.225856934965433
1.2259834260718399
1.2300943870300656
1.2310430703281177
1.23363613800946
1.2363556967972094
1.2393598605743743
1.2396760883403917
1.2434075759793966
1.2437554265220157
1.2461587575437476
1.2491945440975143
1.2540644516941817
1.2568156332585327
1.2597565514824942
1.2607684803337498
1.2641837402067373
1.2672827723137075
1.2695596122290325
1.2701920677610672
1.2752833347939467
1.2767063597410249
1.2805643384864367
1.2835685022636016
1.2874581037856152
1.287964068211243
1.2901460397967628
1.2939091502123694
1.2958065168084736
1.295996253468084
1.2984628300430194
1.303079755426873
1.3056412003316136
1.3110803179071122
1.3134836489288442
1.3142742183438876
1.3195235992597758
1.3227807452497546
1.3250892079416814
1.3271446884207942
1.335556346996856
1.3362520480820943
1.336758012507722
1.3388767385400384
1.3397305535082853
1.3421022617534155
1.3439996283495197
1.3463397138180482
1.347446510999109
1.3538343118726597
1.3554154507027465
1.3618032515762972
1.3641433370448257
1.3679696930136358
1.3683807891094584
1.3688235079818827
1.3748634583128143
1.376824070462122
1.3819469602716032
1.3834648535484866
1.390010768305046
1.3908962060498946
1.391939757677752
1.3964618147318002
1.40319746614797
1.404051281116217
1.4041145266694204
1.404525622765243
1.4091425481490965
1.4102177225535555
1.4130005268945083
1.418060171150786
1.4197045555340764
1.4230249470772587
1.425870996971415
1.4261239791842288
1.427294021918493
1.4290016518549868
1.4294127479508094
1.4340612961112646
1.4374449332076504
1.4381406342928886
1.4386782214951181
1.444686549049448
1.4510743499229988
1.4512640865826092
1.45309820762551
1.4612885067653596
1.464229424989321
1.4654943360533905
1.4707437169692787
1.4714077952779152
1.4716291547141274
1.4762460800979809
1.476720421747007
1.4775109911620503
1.4779537100344746
1.4838355464823976
1.4894011551643032
1.48952764627071
1.4917728634094334
1.492658301154282
1.4953146143888278
1.497686322633958
1.4989512336980275
1.5019237746985907
1.5061928495398251
1.5062877178696303
1.5078372339231154
1.5141934120200644
1.5142566575732679
1.5184624868612988
1.5194744157125544
1.5200752484679874
1.5238699816601957
1.5249767788412565
1.531269711385002
1.5348430851409982
1.540029220503683
1.5419265870997871
1.5444247864513243
1.5487571068457622
1.5507809645482733
1.551286928973901
1.5561568365705685
1.559919946986175
1.5629873563165435
1.564853100136046
1.5691854205304838
1.5767748869149005
1.5768697552447057
1.577786815766156
1.5794312001494464
1.5817080400647714
1.5817080400647714
1.5834156700012652
1.5875582537360926
1.588475314257543
1.5886650509171534
1.5897402253216124
1.5940725457160503
1.594831492354492
1.5954007023333232
1.5979937700146656
1.5993535494085402
1.5996065316213541
1.603211528153952
1.6037491153561816
1.604887535313844
1.6064370513673292
1.6067216563567448
1.6099788023467236
1.6105163895489532
1.6146589732837806
1.6189596709016167
1.6259166817539987
1.6311976854464887
1.6327788242765755
1.6417596928314686
1.641822938384672
1.6436570594275728
1.6458074082364909
1.6481158709284176
1.648906440343461
1.6526695507590676
1.6560531878554534
1.6594368249518392
1.6644016008783118
1.672655145571365
1.676607992646582
1.6767028609763872
1.6792643058811279
1.6824265835413015
1.6838179857117779
1.6850828967758473
1.6861580711803064
1.6915339432026015
1.6916288115324067
1.6978901212995505
1.7038984488538804
1.7094008119825825
1.7101597586210242
1.7124049757597475
1.722524264272303
1.7225558870489048
1.7262241291347062
1.7279001362945983
1.7296710117842955
1.7310307911781702
1.7334657449765039
1.7362485493174566
1.7389048625520025
1.7414346846801414
1.7531983575759873
1.7616732617052526
1.7623689627904908
1.766195318759301
1.770970358026163
1.775049696207787
1.778528201633978
1.781058023762117
1.7810896465387187
1.7843151697520958
1.7879834118378972
1.7916832767003004
1.7929481877643698
1.7948139315838723
1.7983556825632667
1.7987667786590893
1.8005060313721848
1.8082219888630084
1.8106569426613421
1.8145465441833557
1.8208394767271012
1.8241914910468853
1.8257093843237686
1.8286186797711284
1.8291878897499596
1.833109114048575
1.8357654272831208
1.8389593277198961
1.8423745875928836
1.8469598902001354
1.8503435272965212
1.8514187017009802
1.8527468583182531
1.8585022036597691
1.8610636485645098
1.8635934706926487
1.8650797411929303
1.8671035988954414
1.8688744743851387
1.8710248231940567
1.874218723630832
1.8745665741734512
1.8776339835038196
1.8819979266748592
1.8836739338347512
1.885508054877652
1.8884805958782152
1.8885438414314186
1.8915480052085836
1.8975247099863117
1.8975879555395152
1.899295585476009
1.9027424681255982
1.9034697919874382
1.9078337351584778
1.910078952297201
1.9137788171596042
1.9158975431919205
1.923265650140125
1.9233288956933285
1.9234237640231338
1.9261749455874848
1.9264595505769004
1.929273977694455
1.9340490169613171
1.9348395863763606
1.9374010312811012
1.940531686164673
1.9426820349735912
1.943187999399219
1.9433144905056259
1.9471092236978342
1.948089529772488
1.9484057575385054
1.9550781634014718
1.95650118834855
1.9569439072209742
1.964754733041603
1.9673794234995472
1.968233238467794
1.968612711787015
1.970510078383119
1.9723758222026215
1.9777833170015184
1.978668754746367
1.9826848473747876
1.9849616872901126
1.9867958083330133
1.9890726482483383
1.989705103780373
1.9905905415252216
1.992835758663945
1.9962193957603307
1.9965672463029498
1.99821163068624
2.0008995666973877
2.002670442187085
2.005769474294055
2.0061805703898776
2.0083309191987957
2.009753944145874
2.0112085918695537
2.0124418801570214
2.015034947838364
2.0191459087965895
2.02079029317988
2.02534397301053
2.0279054179152705
2.0318266422138858
2.03973233636432
2.0427681229180865
2.044855226173801
2.046784215546507
2.047511539408347
2.048460222706399
2.0498516248768754
2.0578521873571147
2.0607298600278727
2.06559976762454
2.0672125292312287
2.0711969990830474
2.071260244636251
2.078470237701447
2.0793240526696937
2.08454181080898
2.08526913467082
2.0863126862986774
2.0949457043109514
2.101934337939935
2.1021556973761473
2.111547662026863
2.112022003675889
2.114551825804028
2.119927697826323
2.1215720822096134
2.1321340895945933
2.1322289579243985
2.1324503173606106
2.136245050552819
2.1414311859155037
2.144878068565093
2.145826751863145
2.153637577683774
2.1552819620670642
2.1555981898330816
2.1588237130464587
2.1605313429829525
2.163567129536719
2.1636303750899226
2.1702079126230838
2.172484752538409
2.175931635187998
2.1779238701139074
2.1780503612203144
2.183584347125618
2.1863039059133675
2.19199600570168
2.192375479020901
2.1954428883512693
2.198257315468824
2.1992692443200794
2.2002179276181315
2.2050245896615954
2.2064476146086736
2.209515023939042
2.209862874481661
2.2108748033329166
2.2266229460805813
2.230006583176967
2.2304176792727897
2.2319671953262747
2.2369003484761456
2.239967757806514
2.240821572774761
2.2434146404561033
2.2451538931691988
2.247525601414329
2.25173143070236
2.2527749823302172
2.254008270617685
2.2565697155224256
2.260143089278422
2.264317295789851
2.275827986472883
2.277756975845589
2.2849985916873865
2.2852199511235987
2.287939509911348
2.2961298090511977
2.3004937522222373
2.3008099799882546
2.3009364710946616
2.308778919691892
2.312889880650118
2.314186414490789
2.3157043077676724
2.3184871121086252
2.32294592360947
2.3283217956317652
2.332211397153779
2.3352155609309437
2.3433109917409882
2.3439750700496247
2.3455245861031098
2.3496355470613355
2.3514064225510327
2.3533670347003404
2.3547900596474185
2.3563395757009036
2.361588956616792
2.3617470704998005
2.3663323731070522
2.3680083802669443
2.370063860746057
2.372720173980603
2.374522672246902
2.3805942453544353
2.3807207364608423
2.384958188525475
2.38578038071712
2.388563185058073
2.3918519538246534
2.393939057080368
2.395362082027446
2.403172907848075
2.4034575128374907
2.4039634772631184
2.4096871998280327
2.4117743030837473
2.412406758615782
2.413228950807427
2.415790395712168
2.4208500399684456
2.422968766000762
2.424138808735026
2.4296411718637283
2.430052267959551
2.4330880545133176
2.4363452005032964
2.442638133047042
2.4439979124409166
2.4440295352175183
2.461580176231482
2.461706667337889
2.4666714432643615
2.470561044786375
2.471288368648215
2.47211056083986
2.4759369168086702
2.477296696202545
2.4791308172454456
2.481376034384169
2.483178532650468
2.4832101554270696
2.491432077343521
2.4936456717056426
2.4945943550036946
2.4959225116209676
2.499211280387548
2.501013778653847
2.504650397963047
2.505219607941878
2.507875921176424
2.513378284305126
2.5143902131563816
2.5166986758483083
2.518880647433828
2.522517266743028
2.5254581849669893
2.5307075658828775
2.534344185192077
2.5344390535218824
2.535703964585952
2.54022602164
2.5436412815129876
2.545159174789871
2.54623434919433
2.5479736019074255
2.548637680216062
2.550693160695175
2.5523059223018634
2.554740876100197
2.557397189334743
2.5587885915052193
2.5623619652612155
2.568876257241173
2.5715009476991173
2.5739991470506545
2.5756435314339448
2.5795331329559583
2.5882926420746393
2.5887353609470636
2.5917711475008303
2.597083773969922
2.598253816704186
2.6009733754919355
2.6036296887264814
2.6069817030462654
2.609321788514794
2.6140335822284526
2.615172002186115
2.61653178157999
2.6171326143354228
2.622856336900337
2.6242477390708134
2.627662998943801
2.627915981156615
2.629117646667481
2.6332286076257065
2.635094351445209
2.6356319386474385
2.6376557963499496
2.6420829850741927
2.6448974121917472
2.650810871416272
2.655491042353329
2.6566294623109914
2.6570089356302122
2.6621318254396935
2.6624796759823126
2.6629856404079404
2.6683931352068373
2.672409227835258
2.6726622100480717
2.678955142591817
2.683635313528874
2.6852796979121645
2.68556430290158
2.6900547371790267
2.6902128510620353
2.696031441956755
2.6967587658185947
2.701185954542838
2.7013756912024482
2.704759328298834
2.7104514280871466
2.7138350651835323
2.7158589228860435
2.719748524408057
2.720475848269897
2.7211083038019317
2.7275909730052876
2.7276225957818894
2.7290139979523658
2.7310694784314786
2.731860047846522
2.733188204463795
2.7340736422086436
2.742295564125095
2.745078368466048
2.7453629734554634
2.7503593721585378
2.7507388454777586
2.7590240129474135
2.760162432905076
2.760636774554102
2.7619965539479767
2.7685108459279344
2.770344966970835
2.7733175079713983
2.775372988450511
2.776732767844386
2.784733330324625
2.788559686293435
2.7930501205708818
2.7939039355391286
2.795168846603198
2.8017463841363592
2.8021891030087835
2.805983836200992
2.814237380894045
2.8167355802455822
2.8220798294912757
2.8229336444595226
2.827898420385995
2.832610214099654
2.8364681928450657
2.8385236733241785
2.8386501644305855
2.839314242739222
2.843962790899677
2.8475361646556734
2.848326734070717
2.8558213321253283
2.8623988696584894
2.862715097424507
2.8659722434144856
2.8680277238935985
2.874447147543751
2.876818855788881
2.878052144076349
2.8841237171838823
2.8879184503760906
2.890890991376654
2.9027811553789067
2.904773390304816
2.907998913518193
2.910433867316527
2.9143234688385404
2.914355091615142
2.9187190347861818
2.923367582946637
2.932949284256963
2.9337714764486083
2.935226124172288
2.935226124172288
2.9359218252575263
2.939906295109345
2.9415190567160336
2.9440488788441725
2.9449975621422246
2.9494247508664677
2.9515118541221823
2.951669968005191
2.956729612261469
2.957203953910495
2.9590380749533955
2.9602397404642615
2.9603346087940667
2.966564295784609
2.969410345678765
2.97095986173225
2.9747229721478567
2.9770630576163852
2.981142395798009
2.981553491893832
2.989332694937859
2.9982819407161503
2.9987246595885746
3.0025826383339864
3.0045116277066923
3.0081798697924937
3.008401229228706
3.008749079771325
3.014030083463815
3.0143146884532306
3.0162436778259365
3.017255606677192
3.019311087156305
3.0216511726248334
3.0219041548376473
3.0220306459440542
3.030821777839337
3.034047301052714
3.0342370377123244
3.039201813638797
3.0463169383741877
3.049257856598149
3.051692810396483
3.0524833798115263
3.053716668098994
3.059092540121289
3.062697536653887
3.065733323207654
3.067251216484537
3.0719946329747976
3.07604234837982
3.076516690028846
3.077939714975924
3.083568569211033
3.084295893072873
3.0848651030517042
3.087900889605471
3.093150270521359
3.097261231479585
3.098462896990451
3.0992534664054943
3.1020046479698453
3.104313110661772
3.105293416736426
3.1074753883219457
3.108898413269024
3.11010007877989
3.110447929322509
3.1134837158762756
3.11465375861054
3.118227132366536
3.120883445601082
3.1242987054740694
3.12448844213368
3.128061815889676
3.1288523853047194
3.132362513507512
3.1338487840077938
3.13596751004011
3.136821325008357
3.1417861009348296
3.1457705707866483
3.1503242506172984
3.150387496170502
3.1559531048524074
3.1569334109270613
3.157186393139875
