0.10445003111535489
0.10486112721117674
0.1049243727643801
0.10511410942399019
0.10691660769028599
0.10704309879669271
0.1103634903398692
0.11105919142510617
0.11178651528694483
0.11339927689363055
0.11425309186187593
0.11517015238332468
0.1170991417560272
0.11969220943736503
0.12117847993764402
0.12143146215045747
0.12193742657608436
0.12336045152316
0.1241826437148037
0.12494159035324404
0.12728167582176841
0.127819263023997
0.1297798751733012
0.13085504957775834
0.13104478623736843
0.13335324892929112
0.13398570446132474
0.13449166888695163
0.13727447322789954
0.13790692875993316
0.13812828819614492
0.13812828819614492
0.13822315652594996
0.13983591813263568
0.14059486477107602
0.1409427153136945
0.1424289858139735
0.1454015268145315
0.14565450902734495
0.1459074912401584
0.14698266564461554
0.14973384720896177
0.1500184521983769
0.1521371782306895
0.15457213202901893
0.15485673701843405
0.1564378758485181
0.1572600680401618
0.1612129151153719
0.16292054505186265
0.16307865893487106
0.16311028171147274
0.16326839559448114
0.16503927108417527
0.1669366376802761
0.1679485665315299
0.1692767231488005
0.1718697908301383
0.1718697908301383
0.17560127846913665
0.17626535677777194
0.17721404007582237
0.17794136393766102
0.1779729867142627
0.17857381946969464
0.18262153487470978
0.18334885873654844
0.18467701535381903
0.18480350646022575
0.18628977696050475
0.18632139973710643
0.1863846452903098
0.1870171008223434
0.18831363466301232
0.18844012576941904
0.19220323618501906
0.19242459562123082
0.19302542837666276
0.1932784105894762
0.19454332165354343
0.19520739996217873
0.19700989822847453
0.19776884486691487
0.19830643206914345
0.1996978342396174
0.2016584463889216
0.20311309411259892
0.20317633966580229
0.20469423294268296
0.20526344292151322
0.20668646786858885
0.20706594118780902
0.20750866006023255
0.20779326504964768
0.2079197561560544
0.20848896613488466
0.2089316850073082
0.20943764943293508
0.21101878826301912
0.2115563754652477
0.21456053924240737
0.2146554075722124
0.2156357136468645
0.21686900193433006
0.21826040410480402
0.2186398774240242
0.22233974228642084
0.22309868892486118
0.2245217138719368
0.22622934380842757
0.22670368545745279
0.23043517309645112
0.230941137522078
0.23239578524575533
0.23400854685244105
0.23419828351205113
0.2362221412145587
0.23805626225745619
0.24175612711985284
0.24390647592876713
0.24406458981177553
0.24469704534380915
0.24472866812041083
0.2479225685571806
0.25146431953656884
0.25212839784520413
0.25260273949422934
0.25307708114325456
0.2531719494730596
0.25405738721790666
0.2549744477393554
0.25541716661177893
0.2579153659633117
0.2589589175911672
0.263038255772784
0.2631647468791907
0.2650304906986899
0.26626377898615544
0.26639027009256216
0.268287636688663
0.2696474160825353
0.2710704410296109
0.2716080282318395
0.27201912432766134
0.27331565816833026
0.27429596424298236
0.27429596424298236
0.2759087258496681
0.27707876858393027
0.27859666186081095
0.2788180212970227
0.2793556084992513
0.2811264839889454
0.2816008256379706
0.28371955167028323
0.28384604277668996
0.28596476880900257
0.28694507488365467
0.2875142848624849
0.2908662991822631
0.29124577250148326
0.2916252458207034
0.2941550679488379
0.2947875234808715
0.29554647011931184
0.29567296122571857
0.29665326730037067
0.2980446694708446
0.2992463349817085
0.29984716773714043
0.2999104132903438
0.3025034809716816
0.30408461980176565
0.3068041785895102
0.30901777295162786
0.30933400071764466
0.31265439226082115
0.3132236022396514
0.31512096883575225
0.31527908271876065
0.31594316102739595
0.3187892109215472
0.31891570202795394
0.31920030701736907
0.3207814458474531
0.3209711825070632
0.32135065582628336
0.3229634174329691
0.324259951273638
0.3255248623377052
0.3262521861995439
0.32663165951876405
0.3305212610407708
0.3314699443388212
0.331786172104838
0.3321023998708548
0.3352330547544212
0.3353911686374296
0.336244983605675
0.33630822915887837
0.3364663430418868
0.33766800855275064
0.34079866343631704
0.34095677731932544
0.34190546061737587
0.3443404144157053
0.3454788343733658
0.34671212266083135
0.3474078237460683
0.3474710692992717
0.3492103220123641
0.34996926865080447
0.35031711919342295
0.3505384786296347
0.35332128297058263
0.3581279450140381
0.3581279450140381
0.3589817599822835
0.35904500553548685
0.36233377430206165
0.36283973872768854
0.3634089487065188
0.36413627256835746
0.3643892547811709
0.3655592975154331
0.36660284914328856
0.3683737246329827
0.3693224079310331
0.3703027140056852
0.37055569621849865
0.3716308706229558
0.3724214400379978
0.3747299027299205
0.37498288494273396
0.37713323375164826
0.37909384590095246
0.3797263014329861
0.38140230859287516
0.382509105773934
0.3890866433070836
0.39044642270095586
0.3908575187967777
0.39130023766920125
0.3948419886485895
0.39724531967031723
0.39724531967031723
0.39888970405360463
0.39949053680903657
0.4015776400647475
0.4016092628413492
0.40410746219288196
0.40543561881015255
0.4085030281405156
0.4087876331299307
0.4129618396413526
0.4135626723967845
0.4144481101416316
0.4147643379076484
0.41890692164246857
0.419159903855282
0.41944450884469714
0.41976073661071395
0.42336573314330556
0.4234606014731106
0.4241246797817459
0.4260852919310501
0.42636989692046523
0.42731858021851565
0.4322201105917762
0.43275769779400475
0.43408585441127534
0.4358251071243678
0.4388925164547308
0.43901900756113754
0.4390506303377392
0.4399360680825863
0.4416753207956787
0.44195992578509385
0.44230777632771234
0.44309834574275436
0.44543843121127874
0.44575465897729555
0.4459760184135073
0.44771527112659976
0.44853746331824346
0.4517313637550132
0.45381846701072415
0.4538500897873258
0.45710723577729895
0.4593208301394166
0.45960543512883173
0.46039600454387375
0.4632736772146267
0.4644437199488889
0.46501292992771914
0.4650445527043208
0.46517104381072755
0.4665308232045998
0.46697354207702335
0.46893415422632756
0.46925038199234437
0.46928200476894605
0.4695666097583612
0.47076827526922504
0.47272888741852925
0.47323485184415615
0.4732980973973595
0.4735194568335713
0.4741202895890032
0.47468949956783346
0.4775987950151881
0.47800989111100994
0.4799072577071108
0.48016023991992424
0.4803499765795343
0.48047646768594104
0.481077300441373
0.4828797987076688
0.4846822969739646
0.4869907596658873
0.4873069874319041
0.4900581689962503
0.4942323755076722
0.4959716282207646
0.49793224037006883
0.4985014503488991
0.5016004824558666
0.5022645607645031
0.50239105187091
0.5027072796369274
0.504193550137209
0.5047627601160403
0.5066917494887462
0.5072925822441792
0.5080199061060191
0.5090634577338764
0.5102651232447424
0.5118778848514309
0.515704240820241
0.515830731926648
0.5164948102352844
0.5169691518843105
0.5178229668525574
0.5207638850765188
0.5213014722787483
0.521586077268164
0.5222185328001987
0.5226296288960213
0.5226928744492247
0.5256021698965845
0.5259500204392036
0.5269303265138574
0.5315788746743126
0.5319899707701352
0.532369444089356
0.5333813729406116
0.5348043978876897
0.5359111950687505
0.5368598783668026
0.5389469816225172
0.5400221560269762
0.5408759709952231
0.541128953208037
0.5423622414955047
0.5428682059211325
0.545208291389661
0.5467261846665443
0.5467261846665443
0.548085964060419
0.5485286829328433
0.5511217506141857
0.5516277150398134
0.5527028894442725
0.5545686332637749
0.556592490966286
0.5592171814242302
0.5592804269774336
0.5595334091902475
0.560798320254317
0.5626640640738194
0.5631384057228455
0.5632648968292524
0.5659212100637983
0.5666485339256382
0.568356163862132
0.5696210749262014
0.5710440998732795
0.5730047120225872
0.5760404985763539
0.5766729541083886
0.5771156729808129
0.579866854545164
0.5825547905563115
0.5833769827479567
0.5866341287379355
0.5881203992382171
0.5885631181106414
0.5887528547702519
0.5947611823245817
0.5950141645373956
0.5955833745162269
0.596532057814279
0.5999473176872665
0.6007062643257082
0.601085737644929
0.6015917020705568
0.6030463497942367
0.6034574458900592
0.6054813035925704
0.6062718730076138
0.6065564779970294
0.6092127912315752
0.6108887983914673
0.6113631400404933
0.6131023927535888
0.6140510760516409
0.6159484426477451
0.6162962931903642
0.6191739658611222
0.6205021224783951
0.6237276456917722
0.6249609339792399
0.6257515033942833
0.6275540016605823
0.6278069838733962
0.6310957526399767
0.6314436031825958
0.6322341725976393
0.6371989485241119
0.6385903506945882
0.6390646923436143
0.6395074112160386
0.6437448632806713
0.6443140732595025
0.6445038099191129
0.6446303010255199
0.6470336320472518
0.6473182370366675
0.6493420947391786
0.6493420947391786
0.6509232335692654
0.6516505574311053
0.6530419596015817
0.6547495895380755
0.6552239311871015
0.6552555539637033
0.656362351144764
0.65829134051747
0.6605365576561932
0.6606314259859984
0.6612006359648297
0.6626236609119078
0.6635407214333582
0.6643312908484016
0.665722693018878
0.6679679101576013
0.6683790062534238
0.6692644439982725
0.6698968995303072
0.670402863955935
0.6711934333709784
0.6715096611369957
0.6727745722010652
0.6729959316372773
0.6751462804461954
0.6764428142868666
0.6767274192762822
0.6778974620105465
0.6781820669999621
0.6808067574579062
0.6809332485643131
0.6843485084373007
0.6862774978100066
0.6872578038846604
0.6884278466189246
0.6889021882679507
0.693424245321999
0.6947840247158736
0.6949421385988823
0.6951634980350945
0.6959224446735361
0.6979146795994455
0.6982941529186664
0.6992428362167185
0.700381256174381
0.7015512989086452
0.7039230071537754
0.704934936005031
0.7053144093242518
0.7068323026011352
0.707211775920356
0.7074647581331699
0.7079707225587977
0.7104689219103348
0.7128090073788633
0.7130303668150755
0.713093612368279
0.7136628223471102
0.7144217689855519
0.7145166373153571
0.7152123384005953
0.7161610216986474
0.7197027726780418
0.7198608865610505
0.7216633848273495
0.7226436909020033
0.7240667158490814
0.7241615841788867
0.7242880752852936
0.7252367585833457
0.7261221963281943
0.7277665807114846
0.7283990362435193
0.7284939045733245
0.7294109650947749
0.7327629794145589
0.7333005666167884
0.7342492499148405
0.736715826489776
0.7370636770323951
0.7378858692240402
0.7407319191181965
0.7423130579482833
0.743419855129344
0.7442104245443875
0.7444001612039979
0.7485427449388253
0.7495546737900809
0.7496179193432844
0.7520212503650163
0.7520212503650163
0.7537288803015101
0.7552467735783934
0.7558476063338264
0.7579663323661427
0.7591679978770087
0.7602747950580695
0.7607807594836973
0.7613499694625285
0.7627729944096067
0.7648284748887195
0.7650498343249317
0.7676112792296723
0.767642902006274
0.7678642614424862
0.7702992152408199
0.7706786885600407
0.7717854857411015
0.7719752224007119
0.7744101761990456
0.7753588594970977
0.7754221050503012
0.7765921477845654
0.7778254360720331
0.7802920126469686
0.7823158703494797
0.7825372297856918
0.7836124041901509
0.7840551230625752
0.7847508241478134
0.7863319629779002
0.7868063046269262
0.7884823117868183
0.7895258634146756
0.791865948883204
0.791992439989611
0.7932573510536804
0.7935735788196978
0.7985383547461704
0.7987913369589843
0.7992024330548069
0.8019536146191579
0.8056218567049593
0.8076140916308687
0.8086260204821243
0.8099541770993972
0.8126421131105448
0.8131797003127743
0.8135907964085969
0.8169111879517792
0.8169744335049827
0.8174487751540087
0.8184290812286625
0.8188718001010868
0.8194410100799181
0.8214648677824292
0.8233622343785334
0.8239314443573647
0.8239630671339664
0.8246903909958063
0.8294654302626685
0.8299081491350928
0.8319320068376039
0.8325012168164352
0.8353156439339897
0.8353156439339897
0.8354105122637949
0.8369916510938817
0.8371181422002887
0.8379403343919338
0.840438533743471
0.8431264697546186
0.8434743202972377
0.8444862491484932
0.8455298007763505
0.8470476940532339
0.8494194022983641
0.8515065055540787
0.8526765482883429
0.8554909754058975
0.8554909754058975
0.856028562608127
0.856502904257153
0.8612146979708117
0.8623214951518725
0.8625112318114829
0.8640923706415697
0.865135922269427
0.8661794738972843
0.8694049971106614
0.8715553459195795
0.8726305203240385
0.873294598632675
0.8786072251017667
0.8786072251017667
0.8787337162081736
0.8799037589424379
0.880251609485057
0.8806310828042778
0.8821489760811612
0.8841412110070705
0.884805289315707
0.8860702003797765
0.8870188836778286
0.8877145847630667
0.8879043214226772
0.8895170830293657
0.8901495385614004
0.8904973891040195
0.8905290118806213
0.8926477379129376
0.892963965678955
0.8944186134026348
0.8959997522327217
0.8966954533179599
0.8982765921480467
0.898592819914064
0.8990355387864883
0.9005534320633717
0.9017867203508394
0.9020080797870516
0.9059609268622686
0.9073839518093467
0.9074471973625502
0.9093445639586544
0.9105146066929186
0.9114632899909707
0.913708507129694
0.9146888132043478
0.9184203008433527
0.9197484574606256
0.9203176674394569
0.9205706496522708
0.9213612190673142
0.9218988062695437
0.9240491550784617
0.9255038028021416
0.9257251622383538
0.9263259949937868
0.9283814754728996
0.9297412548667743
0.930848052047835
0.9312907709202594
0.9326189275375323
0.9327454186439392
0.9331565147397618
0.9353701091018833
0.9374888351341997
0.9376153262406066
0.9382161589960396
0.9401451483687455
0.9408408494539837
0.9414733049860184
0.9414733049860184
0.9425168566138757
0.9477029919765605
0.9492525080300456
0.952193426254007
0.9527310134562366
0.9532369778818643
0.9534583373180765
0.9553557039141807
0.9559881594462154
0.9577590349359126
0.9596564015320168
0.9603837253938567
0.9606367076066706
0.9608896898194845
0.9631032841816061
0.9631349069582078
0.9659493340757623
0.9668031490440092
0.9688586295231221
0.9696175761615637
0.9707243733426245
0.9715149427576679
0.9747088431944433
0.974866957077452
0.9755942809392919
0.9756891492690971
0.9763848503543353
0.9779659891844221
0.9788514269292707
0.979294145801695
0.9794838824613055
0.9809069074083836
0.981096644067994
0.9822350640256565
0.9850178683666093
0.9858084377816527
0.9894134343142507
0.9896031709738611
0.9901407581760906
0.9906783453783201
0.9907099681549218
0.9915954058997705
0.9927022030808312
0.9945679469003337
0.9960225946240135
0.9991216267309837
1.0026001321571747
1.0036753065616337
1.0058256553705518
1.0071854347644265
1.0093357835733445
1.0095887657861584
1.009999861881981
1.0108852996268296
1.012624552339925
1.0143005594998171
1.0156603388936918
1.0166090221917439
1.0175260827131942
1.0188542393304671
1.0188858621070689
1.0196131859689088
1.0223011219800564
1.0230916913950998
1.0232181825015068
1.0235660330441259
1.0246728302251866
1.027392389012936
1.0277718623321568
1.0288470367366158
1.0292897556090401
1.0293213783856419
1.0321041827265947
1.0323887877160103
1.0334007165672658
1.0340647948759023
1.0343810226419197
1.036151898131617
1.0394406668981975
1.0424764534519642
1.045607108335536
1.047662588814649
1.0489907454319218
1.0525008736347146
1.0526589875177232
1.0526589875177232
1.056169115720516
1.0564220979333299
1.0566750801461438
1.05879380617846
1.0592681478274861
1.0622090660514476
1.0647072654029848
1.0660354220202577
1.0661619131266646
1.0665413864458855
1.0689763402442192
1.070557479074306
1.0734035289684623
1.0744787033729213
1.0756171233305838
1.0756803688837873
1.0777042265862984
1.0785264187779435
1.0794434792993939
1.0807083903634633
1.0809613725762772
1.081467337001905
1.0824476430765588
1.0854518068537238
1.0856099207367325
1.0858629029495463
1.086021016832555
1.0865586040347845
1.0874124190030314
1.0906379422164085
1.0922823265996988
1.0925669315891144
1.0927250454721231
1.093104518791344
1.0936737287701752
1.0941164476425995
1.0955394725896777
1.0968676292069506
1.098259031377427
1.1002512663033364
1.1010418357183798
1.1012315723779902
1.1015478001440075
1.1029075795378822
1.1038562628359343
1.1045203411445708
1.1081253376771687
1.1093586259646364
1.1098013448370607
1.1098329676136625
1.1120781847523857
1.1131849819334465
1.1148293663167368
1.1148926118699403
1.1158096723913906
1.115872917944594
1.1161575229340097
1.1167583556894427
1.118149757859919
1.1196360283602007
1.121406903849898
1.1223239643713483
1.1227983060203743
1.1233358932226039
1.1243161992972577
1.1270673808616087
1.1286485196916956
1.130166412968579
1.1317791745752674
1.1323800073307004
1.1333286906287525
1.1341825055969994
1.1369336871613505
1.1384515804382338
1.1384832032148355
1.1384832032148355
1.142277936407044
1.1468632390142957
1.1472743351101182
1.1485708689507894
1.1505947266533005
1.1506895949831057
1.1523972249195995
1.1527450754622186
1.1556227481329766
1.157014150303453
1.1572355097396652
1.1572987552928686
1.1579312108249034
1.1597020863146006
1.1624532678789516
1.1628327411981725
1.1634335739536055
1.163844670049428
1.1666274743903808
1.1668804566031947
1.1699478659335631
1.1717503641998621
1.1724460652851003
1.1733947485831524
1.174280186328001
1.1769364995625469
1.1775057095413781
1.177758691754192
1.1785808839458372
1.1790552255948632
1.1794979444672875
1.1823439943614438
1.1825021082444525
1.1833243004360976
1.1840516242979375
1.1870557880751025
1.1874036386177216
1.1880360941497563
1.189269382437224
1.1916410906823542
1.191799204565363
1.1927795106400167
1.1965426210556234
1.1975229271302772
1.1979656460027015
1.2005903364606456
1.200906564226663
1.2019501158545203
1.2022663436205376
1.2035628774612088
1.2064721729085686
1.207610592866231
1.208812258377097
1.2089703722601057
1.210013923887963
1.210614756643396
1.212417254909695
1.2125121232395002
1.2133343154311453
1.2135240520907558
1.2144727353888078
1.2158325147826825
1.2202913262835273
1.2204810629431377
1.2212716323581811
1.2215562373475968
1.2257936894122294
1.2259518032952381
1.2275013193487232
1.2278491698913423
1.2279124154445458
1.2282918887637666
1.2290192126256065
1.2328771913710184
1.2343950846479017
1.2343950846479017
1.2352488996161486
1.2380949495103049
1.2391068783615604
1.2404034122022316
1.2406247716384438
1.2409726221810629
1.2417315688195045
1.2441665226178382
1.2443562592774486
1.2444827503838556
1.2458109070011285
1.245874152554332
1.2481193696930553
1.2497321312997438
1.251028665140415
1.2512816473532289
1.2521670850980775
1.2533687506089435
1.2533687506089435
1.2536217328217574
1.2538747150345713
1.255455853864658
1.2555190994178616
1.2576694482267796
1.2587446226312387
1.260009533695308
1.2608317258869532
1.2611479536529706
1.262887206366066
1.263741021334313
1.267093035654097
1.2674725089733179
1.2689587794735995
1.2689587794735995
1.2709826371761106
1.271899697697561
1.2766431141878214
1.277054210283644
1.2797737690713933
1.2798370146245968
1.2819873634335148
1.2835052567103982
1.285813719402325
1.2866675343705718
1.2869837621365892
1.2891973564987107
1.2902092853499663
1.2903357764563732
1.2911579686480184
1.2934031857867416
1.2934348085633434
1.294067264095378
1.2971030506491448
1.2981782250536038
1.2995696272240802
1.300075591649708
1.3003285738625219
1.301150766054167
1.302826773214059
1.302826773214059
1.304028438724925
1.305704445884817
1.307981285800142
1.3093410651940167
1.310985449577307
1.3113965456731296
1.314463955003498
1.3157288660675674
1.3166775493656195
1.321895307504906
1.3225593858135425
1.3230337274625685
1.3237610513244085
1.3243302613032397
1.3256900406971144
1.3278720122826342
1.3286942044742793
1.3289471866870932
1.3297377561021366
1.3307496849533922
1.3347657775818127
1.3363469164118995
1.3380545463483933
1.3384972652208176
1.3402681407105148
1.3402681407105148
1.3404262545935235
1.3450115572007753
1.3452012938603857
1.3468773010202777
1.3483003259673558
1.3520318136063607
1.353549706883244
1.356680361766816
1.356806852873223
1.3586725966927253
1.3591153155651496
1.359905884980193
1.3621511021189163
1.3644279420342413
1.3653766253322934
1.3661988175239386
1.367337237481601
1.369266226854307
1.3693294724075105
1.3711003478972077
1.3714481984398268
1.3737882839083553
1.3754326682916456
1.375495913844849
1.3755907821746542
1.3796068748030748
1.380523935324525
1.3820418286014085
1.3837178357613005
1.38425542296353
1.384381914069937
1.3844135368465387
1.3853938429211925
1.3881450244855436
1.3896945405390286
1.3904218644008686
1.3941849748164752
1.3953866403273412
1.3988019002003287
1.3997505834983808
1.4006360212432294
1.4043358861056325
1.4058854021591176
1.406549480467754
1.4102177225535555
1.4117672386070406
1.4120518435964562
1.4142970607351795
1.4162576728844871
1.417111487852734
1.4194515733212625
1.4229300787474535
1.4233727976198778
1.4245112175775403
1.4248906908967611
1.4286854240889695
1.4291913885145973
1.430424676802065
1.4330177444834074
1.4330809900366108
1.4341561644410699
1.4355159438349445
1.4358637943775636
1.4363697588031914
1.4363697588031914
1.4364013815797931
1.4391209403675425
1.4398166414527807
1.4407969475274345
1.4407969475274345
1.4423464635809196
1.4438011113045994
1.443864356857803
1.444338698506829
1.445761723453907
1.4471531256243835
1.44781720393302
1.448892378337479
1.4495248338695137
1.4510743499229988
1.45164355990183
1.455122065328021
1.4589800440734328
1.4598338590416797
1.4619842078505978
1.4689412187029798
1.4694788059052093
1.4715026636077204
1.4723248557993656
1.4754555106829375
1.476119588991574
1.4766887989704052
1.4773528772790416
1.4792502438751458
1.4803254182796048
1.4821595393225055
1.4841201514718132
1.484626115897441
1.4851320803230688
1.4860807636211208
1.4897490057069223
1.492784792260689
1.4931642655799098
1.4931958883565115
1.4957257104846504
1.499488820900257
1.4999315397726813
1.4999947853258848
1.5018289063687855
1.5031570629860584
1.5034100451988723
1.5060663584334182
1.5063825861994355
1.5073312694974876
1.5087859172211675
1.512327668200562
1.5124225365303672
1.5128968781793932
1.513529333711428
1.5140985436902592
1.5169129708078137
1.517830031329264
1.5178932768824676
1.5181462590952814
1.51903169684013
1.519284679052944
1.5216247645214724
1.522035860617295
1.5227315617025332
1.5231742805749575
1.52358537667078
1.5254827432668843
1.525514366043486
1.5284869070440492
1.5286766437036596
1.5287715120334648
1.5328824729916906
1.5342422523855652
1.535222558460219
1.5367404517371024
1.537752380588358
1.5384480816735961
1.541452245450761
1.5424009287488132
1.5430017615042462
1.545658074738792
1.5458794341750042
1.5460375480580129
1.5485673701861518
1.5505912278886629
1.552267235048555
1.552962936133793
1.5550500393895077
1.5564730643365858
1.5565046871131876
1.558623413145504
1.5601413064223872
1.5626711285505261
1.5651377051254616
1.5677940183600074
1.5686478333282543
1.5692170433070856
1.5701024810519342
1.5728536626162852
1.5735493637015234
1.574434801446372
1.5753518619678224
1.5805696201071089
1.5816131717349662
1.5822772500436026
1.5836370294374773
1.5853130365973693
1.586546324884837
1.588949655906569
1.591352986928301
1.5913846097049027
1.5919854424603357
1.5933452218542103
1.5942622823756607
1.5963493856313753
1.597108332269817
1.599733022727761
1.6006500832492114
1.6009979337918305
1.6057729730586927
1.6065319196971344
1.6066267880269396
1.6085241546230438
1.6089352507188663
1.6101052934531306
1.6107377489851653
1.6114018272938018
1.6121291511556417
1.6143111227411615
1.6161136210074605
1.6164298487734778
1.6167460765394952
1.6180426103801664
1.6185169520291924
1.6189596709016167
1.6232603685194529
1.624335542923912
1.62575856787099
1.6258534362007953
1.6262961550732196
1.6295849238398001
1.6302806249250383
1.6308814576804713
1.6327788242765755
1.6334745253618137
1.6342018492236536
1.6354351375111214
1.6368581624581995
1.6385341696180915
1.6389768884905158
1.6411904828526374
1.6454595576938718
1.6458074082364909
1.6458074082364909
1.6461236360025082
1.6470723193005603
1.6514995080248034
1.6521319635568381
1.6521635863334398
1.6544404262487649
1.6552309956638083
1.656812134493895
1.6580770455579645
1.6593103338454323
1.6598479210476618
1.660069280483874
1.661618796537359
1.6623144976225972
1.6630734442610389
1.6639588820058875
1.6648126969741344
1.6674373874320785
1.6676903696448924
1.66892365793236
1.6705680423156504
1.6710107611880747
1.6711056295178799
1.673002996113984
1.6767977293061924
1.6779993948170584
1.6791061919981192
1.681762505232665
1.682711188530717
1.684640177903423
1.68476666900983
1.6885614022020383
1.6894784627234887
1.6908382421173633
1.6919766620750258
1.6945064842031647
1.6946645980861734
1.695676526937429
1.6993131462466287
1.7011472672895294
1.7019378367045728
1.703107879438837
1.7033924844282526
1.705384719354162
1.7063650254288159
1.706839367077842
1.7098435308550068
1.7099067764082103
1.7100332675146173
1.712942562961977
1.7139544918132326
1.714745061228276
1.7148399295580812
1.7149664206644881
1.7195201004951381
1.7204055382399868
1.7205636521229954
1.7213225987614371
1.7238207981129743
1.7240737803257882
1.72410540310239
1.7266668480071306
1.7270463213263514
1.728184741284014
1.7322008339124344
1.7324221933486466
1.7328016666678674
1.7328649122210709
1.7332760083168934
1.7334341221999021
1.7337187271893177
1.7347306560405733
1.7413081935737345
1.741719289669557
1.7423517452015918
1.7436799018188647
1.7439328840316786
1.745197795095748
1.7452294178723498
1.7455140228617654
1.7473165211280643
1.7481703360963112
1.749024151064558
1.7497198521497963
1.750478798788238
1.7522496742779352
1.7523445426077404
1.7537359447782168
1.755759802480728
1.7567401085553818
1.759586158449538
1.7597758951091484
1.7613570339392353
1.7630014183225255
1.7637603649609672
1.764519311599409
1.7645509343760106
1.764993653248435
1.7662269415359027
1.767144002057353
1.7679978170255999
1.7725831196328516
1.7742907495693454
1.7746069773353628
1.7764410983782635
1.7776427638891295
1.777706009442333
1.7789392977298006
1.7800144721342597
1.7826707853688055
1.7838408281030698
1.7849792480607323
1.7855800808161653
1.7871295968696503
1.787161219646252
1.7889320951359493
1.7897226645509927
1.7902286289766205
1.7916832767003004
1.792315732232335
1.7940866077220323
1.7947823088072705
1.7948139315838723
1.7979445864674442
1.798071077573851
1.79987357584015
1.800253049159371
1.8007906363616004
1.8033204584897393
1.8041426506813845
1.8068938322457355
1.808285234416212
1.810909924874156
1.812459440927641
1.8131551420128793
1.8143568075237453
1.8155268502580095
1.8166968929922738
1.8197010567694387
1.8211873272697203
1.8234009216318419
1.8234641671850453
1.8235906582914523
1.8262785943025999
1.8272905231538554
1.827448637036864
1.8280810925688988
1.8291562669733579
1.8293460036329683
1.8301365730480117
1.8320339396441159
1.834785121208467
1.8351013489744843
1.835259462857493
1.8354808222937051
1.8361765233789433
1.836808978910978
1.8414259042948316
1.8420267370502645
1.8451890147104382
1.8461060752318885
1.8467069079873215
1.848699142913231
1.850596509509335
1.8527152355416514
1.8542647515951365
1.8549604526803747
1.8579962392341414
1.8585022036597691
1.8608422891282976
1.863909698458666
1.8667241255762206
1.8671035988954414
1.8704239904386237
1.872068374821914
1.8734597769923904
1.8746930652798581
1.8755152574715033
1.8759263535673258
1.8777920973868283
1.8803219195149672
1.8812706028130193
1.8834841971751408
1.884432880473193
1.886330247069297
1.88693107982473
1.8884489731016134
1.8890181830804447
1.8890498058570464
1.8892395425166568
1.8896822613890811
1.8900301119317002
1.8927812934960513
1.893413749028086
1.893888090677112
1.8943308095495364
1.8943308095495364
1.8944573006559433
1.8968290089010735
1.8978725605289308
1.8981255427417447
1.8987896210503812
1.899042603263195
1.9005604965400784
1.9028689592320052
1.9032800553278277
1.9034065464342347
1.903596283093845
1.9047030802749059
1.9071064112966378
1.9080867173712917
1.9095413650949715
1.9104584256164219
1.9107114078292358
1.9131463616275695
1.9147275004576563
1.9166564898303622
1.9183324969902542
1.921842625193047
1.9239297284487615
1.925068148406424
1.9284834082794116
1.9287680132688272
1.9304440204287192
1.9335114297590876
1.9339857714081137
1.9360728746638283
1.9372745401746942
1.9384129601323568
1.9384762056855602
1.9417649744521408
1.9428717716332016
1.9433144905056259
1.9449272521123144
1.94593918096357
1.9466032592722065
1.9503031241346096
1.9505561063474235
1.950745843007034
1.953370533464978
1.9536551384543936
1.954224348433225
1.9562798289123378
1.9578293449658228
1.9585882916042645
1.9597583343385288
1.963553067530737
1.9645017508287892
1.9655136796800448
1.9657666618928586
1.9707314378193312
1.9709527972555434
1.9712057794683573
1.9715536300109764
1.9717433666705868
1.9751586265435743
1.9761705553948299
1.9767397653736611
1.9790166052889862
1.9791114736187914
1.981419936310718
1.9829062068109997
1.983475416789831
1.9842343634282726
1.985499274492342
1.9859419933647664
1.987301772758641
1.9879974738438793
1.9883769471631
1.9916973387062824
1.9926460220043345
1.9933733458661744
1.996314264090136
1.9974526840477984
1.9983697445692488
1.999065445654487
1.9999508833993356
2.0008046983675825
2.001816627218838
2.0035558799319335
2.0085839014116096
2.008678769741415
2.0088368836244235
2.010070171911891
2.010797495773731
2.014528983412736
2.0146870972957447
2.014876833955355
2.0174699016366975
2.0198416098818277
2.0229722647653996
2.02316200142501
2.02461664914869
2.0246798947018934
2.0248696313615038
2.0265772612979975
2.0273045851598375
2.0278737951386687
2.0280319090216774
2.0295814250751625
2.030119012277392
2.0309095816924354
2.031700151107479
2.031795019437284
2.0322061155331066
2.03226936108631
2.032617211628929
2.0362854537147306
2.037076023129774
2.038878521396073
2.039099880832285
2.0391631263854886
2.040428037449558
2.0405861513325667
2.0424202723754674
2.043210841790511
2.0439697884289525
2.0463414966740827
2.047258557195533
2.048080749387178
2.0486499593660095
2.048808073249018
2.049535397110858
2.0503575893025032
2.051369518153759
2.0523814470050143
2.0528241658774387
2.055417233558781
2.055923197984409
2.0566505218462487
2.0569351268356644
2.058073546793327
2.059275212304193
2.0608879739108814
2.065125425975514
2.0665168281459905
2.0692996324869433
2.072904629019541
2.074960109498654
2.0751498461582645
2.0766993622117496
2.077964273275819
2.0799565082017284
2.0807787003933735
2.081537647031815
2.0821068570106465
2.0836563730641315
2.085142643564413
2.086470800181686
2.0886843945438076
2.0909928572357344
2.091656935544371
2.092858601055237
2.093079960491449
2.0955149142897826
2.097159298673073
2.0979498680881163
2.0986771919499563
2.1000685941204327
2.100511312992857
2.1033573628870132
2.104812010610693
2.1049068789404983
2.1076580605048494
2.109239199334936
2.111927135346084
2.1129074414207376
2.1131288008569498
2.1142355980380105
2.1165124379533355
2.1170184023789633
2.117397875698184
2.117397875698184
2.1184098045494397
2.12223616051825
2.1227421249438776
2.1231532210397
2.1244497548803714
2.1253035698486182
2.1275804097639432
2.1280231286363676
2.1306478190943117
2.131090537966736
2.1319759757115846
2.132387071807407
2.133620360094875
2.1339998334140957
2.135992068340005
2.1364031644358277
2.13826890825533
2.138648381574551
2.139375705436391
2.14117820370269
2.1438661397138374
2.1445618407990756
2.1449096913416947
2.145573769650331
2.14573188353334
2.147249776810223
2.147281399586825
2.1477873640124527
2.1483881967678857
2.1494001256191413
2.1510445100024316
2.1524675349495097
2.153163236034748
2.155693058162887
2.15629389091832
2.15629389091832
2.1577485386419997
2.157969898078212
2.1588237130464587
2.1611005529617837
2.1618594996002254
2.1639149800793382
2.1645158128347712
2.1650534000370008
2.1651798911434077
2.1692908521016334
2.1695122115378456
2.1726112436448157
2.1739710230386904
2.1740975141450973
2.178113606773518
2.1786511939757474
2.181339129986895
2.1818450944125227
2.1845014076470686
2.186019300923952
2.1869363614454023
2.1882328952860735
2.1888021052649047
2.190541357978
2.1911105679568315
2.195379642798066
2.1969924044047544
2.197751351043196
2.1979094649262048
2.1998700770755124
2.200154682064928
2.200502532607547
2.202210162544041
2.2029691091824826
2.2034434508315086
2.2052459490978076
2.2057519135234354
2.206510860161877
2.206763842374691
2.208218490098371
2.2089458139602107
2.21166537274796
2.2139105898866833
2.2140054582164885
2.216566903121229
2.217420718089476
2.220424881866641
2.2208676007390653
2.2238717645162303
2.2250734300270962
2.22750838382543
2.227761366038244
2.228678426559694
2.230955266475019
2.2319988181028765
2.233263729166946
2.2342440352415998
2.237216576242163
2.237437935678375
2.2403788539023366
2.240695081668354
2.242371088828246
2.2438573593285276
2.24426845542435
2.247051259765303
2.248474284712381
2.2517946762555634
2.251857921808767
2.253755288404871
2.255209936128551
2.2572021710544603
2.258087608799309
2.2584670821185298
2.258783309884547
2.261660982555305
2.2622301925341364
2.2641275591302406
2.264791637438877
2.2663095307157604
2.2673530823436177
2.268365011194873
2.2684282567480767
2.2721597443870816
2.2724127265998955
2.27449982985561
2.2747844348450257
2.2766185558879264
2.2768399153241385
2.2770928975369524
2.2784210541542254
2.2798124563247018
2.2808243851759573
2.2819944279102216
2.2829431112082736
2.284081531165936
2.2844293817085553
2.284840477804378
2.2855994244428195
2.2858524066556334
2.2876549049219324
2.289836876507452
2.2900582359436643
2.291418015337539
2.291544506443946
2.292619680848405
2.292872663061219
2.2942008196784918
2.297394720115267
2.297900684540895
2.297900684540895
2.2981852895303105
2.298469894519726
2.302327873265138
2.30254923270135
2.303529538776004
2.30473120428687
2.3064388342233637
2.3066918164361776
2.307703745287433
2.309063524681308
2.311340364596633
2.312510407330897
2.317443560480768
2.318898208204448
2.3198468915025
2.320795574800552
2.321870749205011
2.3231040374924787
2.324147589120336
2.3280371906423496
2.329428592812826
2.332559247696398
2.33278060713261
2.3329387210156187
2.3342985004094934
2.336132621452394
2.3365437175482167
2.3378718741654896
2.338662443580533
2.3412555112618754
2.3416982301342997
2.3434058600707934
2.343722087836811
2.346694628837374
2.347200593263002
2.3479279171248417
2.350426116476379
2.351026949231812
2.3511850631148206
2.3522918602958813
2.3562763301477
2.3566874262435227
2.3568139173499296
2.356908785679735
2.3574463728819643
2.3596915900206876
2.3600710633399085
2.3607983872017484
2.3613675971805796
2.362411148808437
2.363707682649108
2.365984522564433
2.3675340386179182
2.369968992416252
2.3701587290758623
2.3739534622680707
2.3761038110769888
2.376894380492032
2.3801831492586127
2.382048893078115
2.382048893078115
2.383155690259176
2.3855906440575096
2.38578038071712
2.386381213472553
2.387329896770605
2.3888161672708867
2.389005903930497
2.390808402196796
2.392010067707662
2.3924527865800864
2.3930536193355194
2.3952039681444375
2.39706971196394
2.397765413049178
2.3983346230280094
2.399694402421884
2.402445583986235
2.402572075092642
2.403520758390694
2.4045643100185514
2.405228388327188
2.4055446160932052
2.4066830360508678
2.406999263816885
2.4085171570937685
2.408580402646972
2.409908559264245
2.4133238191372324
2.4134503102436393
2.41382978356286
2.4148417124141157
2.4158220184887695
2.416233114584592
2.4192056555851553
2.4193953922447657
2.420786794415242
2.421419249947277
2.4217987232664977
2.4219568371495064
2.42202008270271
2.425024246479875
2.427174595288793
2.4278070508208276
2.4291668302147023
2.4308428373745943
2.4320445028854603
2.432202616768469
2.4326137128642915
2.4332145456197245
2.4358708588542703
2.436250332173491
2.4390963820676475
2.4407723892275395
2.4433022113556784
2.4447568590793582
2.4451995779517826
2.4485515922715666
2.451840361038147
2.4536112365278444
2.4550342614749225
2.45844952134791
2.4630664467317636
2.463477542827586
2.464932190551266
2.4665765749345563
2.467335521572998
2.4679679771050327
2.472015692510055
2.4741027957657695
2.4764112584576963
2.4765061267875015
2.478371870607004
2.4803641055329133
2.483747742629299
2.4847912942571564
2.485202390352979
2.485297258682784
2.485550240895598
2.4861194508744293
2.4869416430660745
2.4914953228967245
2.491811550662742
2.492760233960794
2.4932661983864217
2.4941516361312703
2.4943413727908808
2.4966498354828075
2.498863429844929
2.4996223764833707
2.500444568675016
2.5037017146649947
2.5037333374415964
2.5038598285480034
2.5045555296332416
2.5057571951441076
2.5092673233469003
2.509520305559714
2.5152124053480267
2.51527565090123
2.5155918786672475
2.5213788467853653
2.5218531884343913
2.5231497222750625
2.523687309477292
2.5255530532967945
2.5272606832332882
2.533743352436644
2.5339647118728563
2.536178306234978
2.5395935661079654
2.540984968278442
2.540984968278442
2.543831018172598
2.5445267192578362
2.5450643064600658
2.546613822513551
2.547056541385975
2.551736712323032
2.5529067550572964
2.552938377833898
2.5530332461637033
2.5548989899832057
2.555689559398249
2.55606903271747
2.5598637659096783
2.5600851253458905
2.560749203654527
2.5613816591865617
2.565998584570415
2.5666626628790516
2.5675481006239003
2.5680224422729263
2.5691924850071906
2.5726709904333815
2.573082086529204
2.574789716465698
2.57501107590191
2.5832329978183615
2.5838338305737945
2.5863636527019334
2.586521766584942
2.589146457042886
2.589178079819488
2.592783076352086
2.5940479874161553
2.5956923717994456
2.5966410550974977
2.59777947505516
2.5978743433849654
2.5993289911086452
2.599455482215052
2.600182806076892
2.6020801726729963
2.6029023648646414
2.6035031976200744
2.603566443173278
2.60524245033317
2.605337318662975
2.607297930812283
2.6078038952379106
2.608467973546547
2.6128635394941884
2.613243012813409
2.6134643722496214
2.613843845568842
2.6153617388457255
2.6167847637928037
2.617100991558821
2.6177966926440592
2.6217495397192763
2.622508486357718
2.6228879596769388
2.623109319113151
2.623710151868584
2.6245955896134325
2.624880194602848
2.628390322805641
2.6286749277950565
2.6288962872312687
2.6294654972101
2.633797817604538
2.635442201987828
2.6375293052435427
2.6392053124034347
2.6399326362652746
2.639995881818478
2.641545397871963
2.643379518914864
2.6455931132769854
2.6458144727131976
2.645877718266401
2.646699910458046
2.647300743213479
2.64840754039454
2.649229732586185
2.6503997753204493
2.6508741169694754
2.6512535902886962
2.655459419576727
2.656218366215169
2.658115732811273
2.6608352915990223
2.662574544312118
2.6626377898653213
2.6638078325995855
2.6652624803232654
2.6675393202385904
2.6677923024514043
2.668899099632465
2.6701956334731363
2.670480238462552
2.6735476477929203
2.6749390499633967
2.67572961937844
2.678038082070367
2.679239747581233
2.6808525091879214
2.6842045235077054
2.6849318473695454
2.6858805306675975
2.6868292139656496
2.6875249150508878
2.688315484465931
2.6903077193918405
2.6904025877216458
2.69375460204143
2.6940392070308454
2.694102452584049
2.6960630647333566
2.696948502478205
2.698909114627513
2.6990672285105215
2.7001740256915823
2.7030200755857385
2.703684153894375
2.705138801618055
2.7055182749372757
2.7055182749372757
2.7059609938097
2.7069729226609556
2.7083959476080337
2.7124752857896577
2.7137085740771254
2.7137085740771254
2.716870851737299
2.720823698812516
2.7226578198554168
2.723100538727841
2.725756851962387
2.7264209302710234
2.7273696135690755
2.7291404890587727
2.729962681250418
2.7329984678041845
2.733156581687193
2.7333463183468036
2.734611229410873
2.736761578219791
2.736888069326198
2.738690567592497
2.739544382560744
2.74001872420977
2.740967407507822
2.741441749156848
2.7417895996994672
2.7432126246465454
2.7437818346253766
2.7440348168381905
2.747102226168559
2.747323585604771
2.7482406461262214
2.75203537931843
2.752130247648235
2.7549762975423913
2.7550711658721965
2.755482261968019
2.757664233553539
2.760035941798669
2.762186290607587
2.762818746139622
2.7628503689162236
2.764115279980293
2.7661075149062024
2.7670561982042545
2.767245934863865
2.7692065470131726
2.770344966970835
2.771673123588108
2.771799614694515
2.772147465237134
2.772653429662762
2.773349130748
2.773823472397026
2.774297814046052
2.776479785631572
2.7768908817273945
2.778503643334083
2.778756625546897
2.7798001771747542
2.78008478216417
2.7802745188237803
2.7831521914945383
2.784764953101227
2.787041793016552
2.7871999068995605
2.7890972734956647
2.789887842910708
2.791816832283414
2.79374582165612
2.7945047682945616
2.7976354231781335
2.7976354231781335
2.7988687114656012
2.7996909036572464
2.8010190602745193
2.8024104624449957
2.802631821881208
2.8042129607112947
2.8045924340305155
2.8062684411904075
2.808829886095148
2.808956377201555
2.8091777366377673
2.8094939644037846
2.812087032085127
2.812466505404348
2.814743345319673
2.8166090891391753
2.818221850745864
2.8211311461932236
2.8227122850233104
2.8248626338322285
2.8253369754812545
2.8263172815559083
2.8283095164818177
2.8287206125776403
2.8300171464183115
2.8308709613865584
2.8327683279826625
2.833906747940325
2.8346973173553685
2.835804114536429
2.8367211750578796
2.8377963494623386
2.8381442000049577
2.839409111069027
2.841812442090759
2.8423500292929886
2.8423816520695904
2.842666257059006
2.846366121921409
2.846524235804418
2.849275417368769
2.849718136241193
2.8523112039225356
2.853101773337579
2.853196641667384
2.8543666844016484
2.8557897093487266
2.857434093732017
2.859457951434528
2.8633475529565415
2.8646757095738145
2.8648022006802214
2.8683755744362176
2.8687234249788367
2.8688815388618454
2.870114827149313
2.872265175958231
2.873624955352106
2.8766291191292708
2.8772299518847038
2.8794119234702236
2.8814674039493364
2.8818468772685573
2.8825109555771937
2.8826374466836007
2.8858945926735795
2.8878235820462854
2.8886457742379306
2.888835510897541
2.8901004219616104
2.8925037529833424
2.892661866866351
2.893389190728191
2.894211382919836
2.8958557673031264
2.8977531338992306
2.897816379452434
2.8985120805376723
2.8993342727293174
2.9002829560273695
2.9018640948574563
2.903951198113171
2.9061647924752925
2.908378386837414
2.908757860156635
2.911635532827393
2.9121731200296224
2.9141969777321335
2.9144499599449474
2.916189212658043
2.918118202030749
2.9191301308820043
2.9193198675416148
2.9210591202547103
2.9219761807761606
2.9220078035527624
2.9246324940107065
2.926498237830209
2.927193938915447
2.9276366577878714
2.9279528855538888
2.9291861738413565
2.9314946365332832
2.9324116970547336
2.9330441525867683
2.936079939140535
2.9381986651728513
2.9403173912051677
2.9407284873009902
2.9414241883862284
2.9424993627906875
2.94436510661019
2.947495761493762
2.948792295334433
2.9489504092174417
2.951448608568979
2.952966501845862
2.9533143523884813
2.9547057545589577
2.9576150500063174
2.957804786665928
2.959702153262032
2.96112517820911
2.9616627654113397
2.9624217120497813
2.9634968864542404
2.9645404380820977
2.9650147797311237
2.9662164452419897
2.9664694274548036
2.9677975840720765
2.970517142859826
2.9715290717110814
2.972066658913311
2.973363192753982
2.9742802532754324
2.9751024454670776
2.9751024454670776
2.9796561252977276
2.9800355986169484
2.980193712499957
2.981268886904416
2.9815851146704335
2.9856644528520575
2.986423399490499
2.986549890596906
2.9867712500331183
2.9881626522035947
2.9903446237891145
2.990660851555132
2.99135655264037
2.991483043746777
2.9957521185880114
2.996163214683834
2.9967008018860635
2.9967956702158687
2.9990725101311937
2.999863079546237
3.0009066311740944
3.001096367833705
3.0018236916955447
3.0055868021111514
3.0065038626326017
3.0078636420264764
3.0090653075373424
3.0109626741334465
3.012607058516737
3.012954909059356
3.015231748974681
3.0162120550493348
3.01630692337914
3.0197538060287292
3.020955471539595
3.021840909284444
3.0235485392209376
3.0261732296788817
3.026521080221501
3.0269321763173234
3.027216781306739
3.0272800268599425
3.0279757279451807
3.031549101701177
3.0329088810950515
3.0331618633078654
3.034047301052714
3.0366403687340564
3.0391385680855936
3.039233436415399
3.040656461362477
3.042458959628776
3.0427435646181915
3.0429649240544037
3.0438503617992523
3.04581097394856
3.0460007106081703
3.0472972444488415
3.0487202693959197
3.0495740843641665
3.0502697854494047
3.0503014082260065
3.0530842125669593
3.0546021058438426
3.05801736571683
3.059977977866138
3.0632667466327184
3.0637094655051427
3.0640573160477618
3.0672195937079354
3.0681682770059875
3.0682947681123944
3.069433188070057
3.0705399852511177
3.0716467824321785
3.074208227336919
3.0752201561881747
3.076137216709625
3.076864540571465
3.0772756366672875
3.0780029605291275
3.078635416061162
3.0789832666037813
3.082493394806574
3.0829361136789983
3.0839796653068556
3.084643743615492
3.0857821635731546
3.0859086546795615
3.0873633024032414
3.087995757935276
3.088470099584302
3.0914426405848654
3.0924229466595192
3.0927391744255366
3.0948895232344547
3.0964706620645415
3.098589388096858
3.098937238639477
3.1010243418951915
3.1011824557782
3.1022260074060575
3.103143067927508
3.1042498651085686
3.105293416736426
3.106969423896318
3.108993281598829
3.1099103421202794
3.1124401642484183
3.114274285291319
3.1155075735787867
3.116677616313051
3.117404940174891
3.1185433601325534
3.119808271196623
3.121231296143701
3.1218637516757357
3.122179979441753
3.1251525204423163
3.125658484867944
3.125784975974351
3.1258165987509527
3.1258482215275545
3.129611331943161
3.130212164698594
3.1304967696880097
3.132394136284114
3.134291502880218
3.135145317848465
3.1365050972423396
3.136916193338162
3.1394143926896994
3.1398887343387254
3.1433356169883147
3.143525353647925
3.144474036945977
3.146276535212276
3.1475730690529473
3.148806357340415
3.150956706149333
3.150988328925935
3.1510515744791383
3.151209688362147
3.1557949909693988
3.1562060870652213
3.157913717001715
3.158862400299767
