0.10356459337050783
0.10495599554098178
0.1050824866473885
0.10511410942399019
0.10653713437106582
0.10691660769028599
0.10710634434989608
0.10783366821173473
0.10878235150978516
0.11045835866967424
0.11090107754209777
0.11178651528694483
0.11301980357441038
0.1131462946808171
0.11336765411702887
0.11460094240449442
0.11526502071312972
0.11605559012817174
0.1164350634473919
0.11988194609697511
0.11997681442678015
0.120387910522602
0.12092549772483058
0.12146308492705915
0.12389803872538857
0.12592189642789614
0.12652272918332808
0.1273132985983701
0.12750303525798018
0.12766114914098858
0.12819873634321716
0.13069693569474994
0.13129776845018187
0.13170886454600372
0.13265754784405415
0.13376434502511297
0.13458653721675667
0.13509250164238357
0.1352189927487903
0.1374958326641113
0.1384761387387634
0.1388239892813819
0.13901372594099198
0.13967780424962728
0.13986754090923736
0.1408162242072878
0.1435990285482357
0.14369389687804074
0.14385201076104914
0.14401012464405755
0.14574937735715
0.14578100013375167
0.14578100013375167
0.14644507844238697
0.14824757670868277
0.1490381461237248
0.15005007497497858
0.15210555545408783
0.15343371207135842
0.16032747737052483
0.16048559125353323
0.16355300058389627
0.1646597977649551
0.1657982177226156
0.16687339212707275
0.16734773377609796
0.16741097932930132
0.16829641707414839
0.1694032142552072
0.16968781924462234
0.17016216089364755
0.1713954491811131
0.1725654919153753
0.17300821078779882
0.17367228909643412
0.17525342792651816
0.17531667347972152
0.1778148728312543
0.1797754849805585
0.18021820385298204
0.18230530710869297
0.18277964875771818
0.18448727869420894
0.1848983747900308
0.1857205669816745
0.1873649513649619
0.18739657414156358
0.18742819691816526
0.18856661687582577
0.1888195990886392
0.19119130733376527
0.19191863119560393
0.19207674507861233
0.193594638355493
0.19391086612150982
0.19391086612150982
0.19561849605800058
0.19599796937722075
0.19811669540953336
0.19846454595215185
0.19909700148418547
0.19931836092039723
0.1996978342396174
0.20093112252708295
0.20238577025076027
0.20393528630424262
0.20535831125131826
0.20665484509198717
0.20782488782624936
0.20934278110313004
0.2105444466139939
0.21060769216719727
0.21117690214602752
0.212220453773883
0.21247343598669644
0.21323238262513677
0.21462378479561073
0.21560409087026283
0.2162997919554998
0.2171219841471435
0.2181339129983973
0.21848176354101578
0.22180215508419227
0.22303544337165782
0.22467982775494522
0.22528066051037715
0.2253439060635805
0.2265139487978427
0.2275258776490965
0.2278421054151133
0.22793697374491834
0.2316052158307133
0.23173170693712003
0.2330914863309923
0.23347095965021247
0.2342615290652545
0.2363802550975671
0.23666486008698223
0.23748705227862593
0.23774003449143938
0.23796139392765114
0.23796139392765114
0.23922630499171837
0.23973226941734527
0.23992200607695535
0.24008011995996376
0.24036472494937888
0.24055446160898897
0.2429577926307167
0.24374836204575873
0.24384323037556377
0.24425432647138562
0.24646792083350327
0.24678414859952008
0.24713199914213857
0.24915585684464614
0.24944046183406127
0.2495353301638663
0.2496934440468747
0.2498831807064848
0.2505156362385184
0.2515591878663739
0.25178054730258564
0.252634362270831
0.25437361498392347
0.25491120218615204
0.256998305441863
0.25718804210147306
0.25734615598448146
0.2580734798463201
0.25854782149534533
0.25899054036776886
0.2620579496981319
0.2631647468791907
0.26344935186860585
0.2635125974218092
0.2663270245393588
0.26737057616721427
0.2679714089226462
0.26885684666749327
0.2694260566463235
0.27034311716777226
0.2704379854975773
0.27154478267863613
0.27303105317891513
0.27318916706192353
0.2733789037215336
0.2758771030730664
0.2765728041583034
0.2773633735733454
0.2778060924457689
0.2783120568713958
0.2800196868078866
0.2801145551376916
0.280968370105937
0.2813478434251572
0.2840674022129017
0.2844152527555202
0.2849212171811471
0.2852374449471639
0.28583827770259584
0.286217751021816
0.2879253809583068
0.2880202492881118
0.289190292022374
0.2895697653415942
0.2912141497248816
0.29339612131039755
0.29409182239563453
0.29504050569368495
0.29785493281123454
0.29851901111986984
0.2992779577583102
0.30000528162014883
0.3005744915989791
0.30098558769480094
0.30161804322683455
0.301871025439648
0.301871025439648
0.3032308048335203
0.30408461980176565
0.3044957158975875
0.30607685472767154
0.3073101430151371
0.30784773021736567
0.308606676855806
0.3086382996324077
0.31101000787753375
0.3120851822819909
0.3132552250162531
0.31328684779285476
0.3133817161226598
0.3137295666652783
0.3157218015911842
0.31844136037892873
0.3189473248045556
0.3193267981237758
0.3193267981237758
0.319801139772801
0.32090793695385983
0.32106605083686823
0.3214771469326901
0.3232480224223842
0.32334289075218925
0.32384885517781614
0.3238804779544178
0.3238804779544178
0.32647354563575565
0.32710600116778926
0.32824442112544977
0.32862389444466994
0.33121696212600776
0.3357390191800481
0.336244983605675
0.33779449965915737
0.3400713395744784
0.3408302862129187
0.3425062933728078
0.3430122577984347
0.3441506777560952
0.3454788343733658
0.3474710692992717
0.34769242873548345
0.3484513753739238
0.3488940942463473
0.34933681311877085
0.35012738253381287
0.3513606708212784
0.35363751073659944
0.35363751073659944
0.3537007562898028
0.35430158904523473
0.3549972901304717
0.3577800944714196
0.35803307668423306
0.3586022866630633
0.3588236460992751
0.36002531161013895
0.36201754653604484
0.3624602654084684
0.36315596649370535
0.3640730270151541
0.3647054825471877
0.36695069968590704
0.368342101856381
0.3696702584736516
0.36976512680345663
0.37140951118674403
0.3722949489315911
0.37270604502741295
0.3727376678040146
0.3730855183466331
0.37469827995331884
0.375773454357776
0.3758999454641827
0.3765324009962163
0.37678538320902977
0.3777024437304785
0.3779238031666903
0.37858788147532557
0.3800109064224012
0.38159204525248525
0.3818450274652987
0.3828569563165525
0.3834577890719844
0.3844380951466365
0.38538677844468694
0.3854500239978903
0.38589274287031383
0.38636708451933904
0.3872208994875844
0.38747388170039787
0.39063615936056595
0.39145835155220965
0.391521597105413
0.3920275615310399
0.3926600170630735
0.3946206292123777
0.3948736114251912
0.39493685697839453
0.39522146196780966
0.39588554027644496
0.39598040860625
0.3961068997126567
0.3974983018831307
0.39917430904301976
0.3992691773728248
0.4010400528625189
0.4015776400647475
0.4027476827990097
0.4033801383310433
0.40394934830987356
0.4048664088313223
0.40527750492714415
0.40562535546976264
0.40676377542742315
0.4074594765126601
0.4078389498318803
0.40919872922575257
0.40942008866196433
0.4104636402898198
0.4119815335667005
0.4121396474497089
0.4125823663221324
0.4144164873650299
0.41530192510987696
0.4165668361739442
0.41824284333383327
0.41928639496168874
0.4196658682809089
0.4196974910575106
0.42089915656837446
0.4211205160045862
0.4221008220792383
0.4225119181750602
0.42336573314330556
0.42469388976057615
0.4249784947499913
0.42532634529260976
0.42750831687812574
0.4277296763143375
0.428077526856956
0.42927919236781986
0.4303227439956753
0.43041761232548037
0.43323203944302996
0.4338012494218602
0.4338328721984619
0.4346234416135039
0.4347815554965123
0.4351610288157325
0.4362678259967913
0.43655243098620644
0.4374062459544518
0.43933523532715435
0.4394301036569594
0.43968308586977284
0.4406950147210266
0.44132747025306024
0.4422129079979073
0.4439837834876014
0.44423676570041487
0.44556492231768546
0.44578628175389723
0.44774689390320144
0.44853746331824346
0.4491382960736754
0.44970750605250565
0.4512253993293863
0.45400820367033423
0.4543876769895544
0.4555577197238166
0.4560320613728418
0.4570439902240956
0.4585302607243746
0.45894135682019643
0.4593524529160183
0.45976354901184013
0.46036438176727207
0.46039600454387375
0.4606173639800855
0.46204038892716115
0.4627993355656015
0.46384288719345695
0.46501292992771914
0.46814358481128554
0.4685546809071074
0.46858630368370907
0.4695033642051578
0.4740886668124015
0.47472112234443514
0.475922787855299
0.4759860334085024
0.47671335727034103
0.47933804772828054
0.4794329160580856
0.47984401215390743
0.4800653715901192
0.4809191865583646
0.48509339306978644
0.4851250158463881
0.48869838960237805
0.48873001237897973
0.4904060195388688
0.49065900175168226
0.4945169804970873
0.4950229449227142
0.49511781325251925
0.49530754991212933
0.4981219770296789
0.49954500197675455
0.49957662475335624
0.5005885536046111
0.500715044711018
0.5007782902642215
0.5011577635834423
0.5040354362542003
0.5048576284458455
0.507197713914374
0.5074506961271879
0.5080199061060191
0.5127949453728813
0.5140598564369507
0.5167161696714966
0.5179178351823626
0.5180127035121678
0.5206690167467136
0.5208903761829258
0.520985244512731
0.5227244972258265
0.5238312944068872
0.5251594510241602
0.5261081343222123
0.5262662482052209
0.5279738781417147
0.5296815080782085
0.5299344902910224
0.5301874725038362
0.5307883052592692
0.5312310241316935
0.5317369885573213
0.5339189601428411
0.5341403195790533
0.534298433462062
0.5348360206642915
0.5362906683879713
0.5379982983244651
0.5385991310798981
0.5394213232715432
0.5401170243567814
0.5407811026654179
0.542330618718903
0.5432793020169551
0.5452399141662627
0.5454928963790766
0.5459039924748992
0.5471056579857652
0.5483073234966311
0.5495406117840989
0.5500781989863284
0.551437978380203
0.5519123200292291
0.5538729321785367
0.5541891599445541
0.5543472738275628
0.5559916582108531
0.5577625337005503
0.5597231458498579
0.5601658647222822
0.5610829252437326
0.5616205124459621
0.5626008185206159
0.5633597651590576
0.5636443701484732
0.5647195445529323
0.5657314734041878
0.5669331389150538
0.5669963844682573
0.5673758577874781
0.5680083133195128
0.5693364699367858
0.5696210749262014
0.5721192742777386
0.5721192742777386
0.572783352586375
0.5730679575757907
0.5731944486821976
0.5735422992248167
0.5745226052994705
0.5764515946721764
0.5765464630019816
0.5774002779702285
0.5790446623535188
0.5806258011836056
0.580815537843216
0.580942028949623
0.5810052745028265
0.5830607549819393
0.5842307977162036
0.5851478582376539
0.585495708780273
0.586570883184732
0.5878041714721998
0.589100705312871
0.5894801786320918
0.5908083352493647
0.5909348263557717
0.5933697801541054
0.5948876734309887
0.5955833745162269
0.5963423211546686
0.5969115311334998
0.5998524493574613
0.6000738087936734
0.6002635454532839
0.6016233248471585
0.6058923996883929
0.606366741337419
0.6074102929652763
0.6081692396037179
0.609718755657203
0.6117426133597141
0.6126596738811645
0.6132605066365975
0.6141143216048444
0.6160116882009485
0.6162330476371607
0.6165808981797798
0.6180987914566631
0.6188261153185031
0.6194269480739361
0.619553439180343
0.6232216812661444
0.6243917240004087
0.6246447062132225
0.6248028200962312
0.6271745283413614
0.627585624437184
0.6291035177140674
0.6295146138098899
0.6307162793207559
0.6310325070867733
0.6317282081720115
0.6326136459168601
0.63406829364054
0.6342264075235486
0.6349537313853886
0.6355545641408216
0.6361553968962546
0.6388749556840039
0.6394757884394369
0.6395390339926403
0.6395706567692421
0.6398868845352594
0.6398868845352594
0.6401082439714716
0.641973987790974
0.6422585927803897
0.6442192049296973
0.6448832832383338
0.6449149060149355
0.6452311337809529
0.6465909131748275
0.6476028420260831
0.6491839808561699
0.650132664154222
0.6503540235904341
0.6506702513564515
0.6514608207714949
0.6515556891013001
0.6537376606868199
0.6540538884528373
0.6543701162188547
0.6545282301018633
0.6550341945274911
0.6554452906233137
0.6558563867191363
0.6570264294534005
0.6585443227302838
0.6586391910600891
0.6587340593898943
0.6589870416027082
0.6591135327091151
0.6604100665497863
0.6637620808695703
0.6640783086355877
0.6655645791358693
0.6661021663380988
0.6692644439982725
0.6693909351046794
0.6694858034344846
0.6695806717642898
0.6699285223069089
0.670402863955935
0.671478038360394
0.6745138249141607
0.6746086932439659
0.6756522448718232
0.6763479459570614
0.6764744370634683
0.6794153552874298
0.6802375474790749
0.6807435119047027
0.6809332485643131
0.6820400457453739
0.6822297824049843
0.6828938607136208
0.6844117539905041
0.684664736203318
0.685265568958751
0.6855501739481666
0.6871945583314569
0.6877005227570847
0.6888389427147472
0.6893765299169767
0.6897560032361976
0.6900722310022149
0.6902303448852236
0.6930447720027781
0.6933926225453972
0.6947840247158736
0.6951318752584927
0.6960489357799431
0.6968711279715882
0.7010769572596192
0.7011085800362209
0.7027529644195112
0.7027529644195112
0.7044605943560049
0.7049665587816327
0.7049981815582345
0.7063579609521091
0.7069904164841438
0.7087296691972393
0.7089510286334515
0.7101843169209192
0.7125560251660494
0.7139158045599241
0.7149593561877814
0.7151490928473918
0.7156234344964179
0.7165088722412665
0.7190386943694054
0.7212522887315269
0.7214736481677391
0.7246359258279127
0.7248889080407266
0.7250470219237353
0.7257111002323717
0.7277349579348829
0.7277982034880863
0.7281460540307054
0.7288101323393419
0.7297904384139957
0.7324467516485416
0.7332056982869832
0.7335851716062041
0.7358303887449273
0.7360201254045378
0.7371269225855985
0.7404789369053826
0.7404789369053826
0.7422181896184781
0.7469932288853403
0.7472145883215524
0.7485111221622236
0.7517682681522024
0.7528434425566615
0.7537921258547136
0.7537921258547136
0.7542980902803413
0.7549937913655795
0.7552467735783934
0.7554681330146056
0.7596423395260348
0.7603696633878747
0.7609704961433077
0.7611918555795198
0.7637849232608622
0.767769393112681
0.7685915853043261
0.7691607952831574
0.7696983824853869
0.770046233028006
0.7709316707728546
0.7726076779327467
0.7748845178480717
0.7749793861778769
0.7756118417099116
0.7770348666569897
0.7775092083060158
0.7782997777210592
0.7789322332530939
0.7790271015828991
0.7814304326046311
0.7814936781578345
0.7821893792430727
0.7835175358603457
0.7838970091795665
0.784561087488203
0.785035429137229
0.7851302974670342
0.7863319629779002
0.7892096356486582
0.7914548527873815
0.7934154649366891
0.7940479204687239
0.7941427887985291
0.7945538848943516
0.7973050664587027
0.8028074295874048
0.8034398851194395
0.8045150595238986
0.8060645755773836
0.8078038282904791
0.8093217215673625
0.8101122909824059
0.8115036931528823
0.8131480775361726
0.8135275508553934
0.8143181202704368
0.8150770669088785
0.8151086896854802
0.8157727679941167
0.8175120207072122
0.8197888606225372
0.8204213161545719
0.8212118855696153
0.822445173857083
0.8243425404531872
0.8254809604108497
0.8257023198470619
0.826524512038707
0.827726177549573
0.8277578003261747
0.8293705619328633
0.8293705619328633
0.8300662630181015
0.8304773591139241
0.8306670957735345
0.8316474018481883
0.8336712595506994
0.8339874873167168
0.8342720923061324
0.8349045478381671
0.836359195561847
0.8366121777746609
0.8384462988175616
0.8397744554348345
0.8402487970838606
0.8411974803819127
0.8414188398181248
0.8419880497969561
0.8429999786482116
0.8432845836376273
0.8432845836376273
0.8434110747440342
0.8469844485000304
0.8473006762660478
0.8487869467663294
0.8491664200855502
0.849198042862152
0.849672384511178
0.8504945767028231
0.8522338294159186
0.8547636515440575
0.8557755803953131
0.8560601853847287
0.8580207975340364
0.8620052673858551
0.8621317584922621
0.8639026339819593
0.8651042994928253
0.8660846055674791
0.8661162283440809
0.8665273244399034
0.8676973671741677
0.8689939010148389
0.8696263565468736
0.8711442498237569
0.8713656092599691
0.8713656092599691
0.8714288548131726
0.8749389830159653
0.8750022285691688
0.8762355168566365
0.8768679723886712
0.8771525773780868
0.8786388478783684
0.8787020934315719
0.8799670044956414
0.8810421789001004
0.881927616644949
0.8821489760811612
0.8853428765179365
0.8856907270605556
0.887082129231032
0.8898333107953831
0.8903392752210109
0.8905922574338248
0.8947348411686522
0.8949878233814661
0.8956202789135008
0.8970116810839772
0.8972014177435876
0.8972962860733928
0.8985295743608606
0.9010593964889995
0.9014072470316186
0.9039686919363592
0.9045695246917922
0.907225837926338
0.9083642578840005
0.9086172400968144
0.9089967134160353
0.9091232045224422
0.9105462294695204
0.9117795177569881
0.9135503932466853
0.9140247348957113
0.9154161370661877
0.9155426281725947
0.9155426281725947
0.9157956103854086
0.9164913114706468
0.9172502581090884
0.9174083719920971
0.9184519236199544
0.9214877101737211
0.9219936745993489
0.9221834112589593
0.9227209984611888
0.9238277956422496
0.9256302939085486
0.9263259949937868
0.9274011693982458
0.9274011693982458
0.9316069986862767
0.9317651125692854
0.9319548492288958
0.9322078314417097
0.9343581802506278
0.9366666429425545
0.9392280878472952
0.9403981305815594
0.9428330843798931
0.9455526431676424
0.9456475114974476
0.9456791342740494
0.9463748353592876
0.9496319813492664
0.9523515401370157
0.9544702661693321
0.954596757275739
0.9566838605314536
0.9584547360211508
0.9584863587977526
0.9599093837448307
0.9604153481704585
0.9608896898194845
0.9629767930751991
0.964431440798879
0.9650006507777102
0.966708280714204
0.9668031490440092
0.9672458679164335
0.9681313056612821
0.9683210423208926
0.9684475334272995
0.9688270067465203
0.971862793300287
0.9731593271409582
0.9733174410239669
0.974740465971045
0.9751831848434693
0.9754045442796815
0.97774462974821
0.9781873486206343
0.9783138397270412
0.9788830497058725
0.9799582241103315
0.981096644067994
0.982171818472453
0.9842589217281676
0.9843221672813711
0.9863144022072805
0.986377647760484
0.9864408933136875
0.9885596193460038
0.9886228648992073
0.9887177332290125
0.9890655837716316
0.9912159325805496
0.9927022030808312
0.9931132991766538
0.9931765447298573
0.9938406230384937
0.9944730785705285
0.9945363241237319
0.9964336907198361
0.9982045662095334
0.9982678117627368
0.998489171198949
0.9988686445181698
0.9989318900713733
0.999564345603408
0.9997224594864167
1.0024103954975643
1.0026317549337764
1.0026633777103782
1.0029479826997938
1.0044974987532789
1.0046872354128893
1.004718858189491
1.0070273208814178
1.0071538119878247
1.0079127586262664
1.0086084597115046
1.0110117907332365
1.0117391145950765
1.0123399473505095
1.0136364811911807
1.0151227516914623
1.015154374468064
1.0160081894363109
1.0180004243622203
1.0194234493092984
1.0196764315221123
1.019708054298714
1.0201507731711383
1.0204670009371557
1.0223327447566581
1.0229968230652946
1.0231549369483033
1.0241036202463554
1.0251471718742127
1.029416246715447
1.0294794922686505
1.029542737821854
1.0298589655878714
1.0307760261093217
1.032673392705426
1.0345391365249283
1.0346023820781318
1.0346656276313353
1.0353613287165735
1.0356143109293874
1.036974090323262
1.0371954497594742
1.0396936491110114
1.0402628590898426
1.0408953146218773
1.0413696562709034
1.0420021118029381
1.0420653573561416
1.0420653573561416
1.0427610584413798
1.0437729872926353
1.0446268022608822
1.045006275580103
1.0462395638675708
1.0468403966230038
1.0474728521550385
1.0477574571444541
1.0478523254742593
1.0481053076870732
1.049085613761727
1.049085613761727
1.0500026742831774
1.0523743825283076
1.0526589875177232
1.0532281974965545
1.0537025391455805
1.0554101690820743
1.0564537207099316
1.0576553862207976
1.0588254289550618
1.0594578844870965
1.0595527528169018
1.059647621146707
1.061323628306599
1.0615449877428111
1.0623671799344563
1.0644859059667726
1.0647705109561882
1.0649602476157987
1.0650867387222056
1.0660670447968594
1.067078973648115
1.0693241907868383
1.069608795776254
1.0711266890531372
1.0720437495745876
1.072359977340605
1.074162475606904
1.0754273866709734
1.0761547105328133
1.0782101910119262
1.0789058920971644
1.0798545753952165
1.0806767675868616
1.081119486459286
1.0852304474175116
1.0852304474175116
1.0857364118431394
1.0865902268113863
1.0868432090242002
1.087823515098854
1.0878551378754557
1.0884559706308887
1.0888670667267113
1.090100355014179
1.0920609671634867
1.0956659636960846
1.096330042004721
1.096930874760154
1.097183856972968
1.0987017502498513
1.0997136791011068
1.1019588962398301
1.1022435012292457
1.102812711208077
1.1048681916871899
1.105943366091649
1.1070501632727097
1.1071134088259131
1.1093270031880347
1.1110662559011302
1.1116038431033597
1.1117619569863684
1.1120149391991823
1.112173053082191
1.1131533591568448
1.1142285335613038
1.1154618218487715
1.1160942773808062
1.117928398423707
1.1199206333496163
1.1201103700092268
1.1211222988604823
1.1211855444136858
1.121881245498924
1.122608569360764
1.1226401921373657
1.122956419903383
1.122956419903383
1.1252965053719115
1.1254546192549202
1.1262135658933619
1.1269408897552018
1.1274784769574313
1.1282690463724747
1.1289331246811112
1.128964747457713
1.1298501852025615
1.1302929040749858
1.130387772404791
1.1305458862877997
1.1332021995223456
1.1345619789162202
1.1349098294588393
1.135194434448255
1.135921758310095
1.1363012316293157
1.1364593455123244
1.13674395050174
1.1387045626510477
1.1406019292471519
1.1415189897686022
1.1417719719814161
1.1418352175346196
1.143353110811503
1.1443650396627585
1.1451872318544036
1.145376968514014
1.1470213528973043
1.148254641184772
1.1484760006209842
1.1498041572382571
1.1518912604939717
1.1519545060471752
1.1519545060471752
1.1523972249195995
1.153535644877262
1.1535672676538637
1.1545159509519158
1.15714064140986
1.1576782286120895
1.1596388407613971
1.1597337090912023
1.1599550685274145
1.1611883568148822
1.1615362073575013
1.162042171783129
1.1645087483580645
1.16552067720932
1.1658369049753374
1.1679556310076538
1.1684615954332815
1.1684615954332815
1.1695683926143423
1.1705486986889961
1.170928172008217
1.171402513657243
1.1725725563915073
1.1738690902321784
1.1767151401263347
1.1770629906689538
1.1770946134455555
1.1798141722333049
1.1819012754890195
1.1842729837341497
1.1849054392661844
1.1854114036918122
1.1854746492450157
1.1868976741920938
1.1877831119369424
1.188067716926358
1.1901864429586744
1.1926530195336098
1.1929376245230254
1.1933170978422463
1.1936333256082636
1.196574243832225
1.1974596815770737
1.197902400449498
1.1996100303859918
1.2000211264818144
1.200780073120256
1.2008749414500612
1.2022979663971394
1.202456080280148
1.203910728003828
1.2041004646634383
1.2051756390678974
1.2053969985041095
1.2055551123871182
1.206061076812746
1.2081165572918589
1.208938749483504
1.210266906100777
1.2116583082712533
1.2123540093564915
1.2126386143459071
1.2133026926545436
1.2141248848461887
1.2167495753041329
1.2169076891871415
1.2172871625063624
1.2173820308361676
1.2215878601241985
1.2225049206456489
1.2225365434222506
1.2242441733587444
1.225856934965433
1.2275013193487232
1.227532942125325
1.2281653976573597
1.2283867570935718
1.2290192126256065
1.2323396041687888
1.2324028497219923
1.2337310063392652
1.233762629115867
1.2343634618713
1.2362292056908024
1.2375573623080753
1.237588985084677
1.237841967297491
1.238316308946517
1.2385376683827292
1.2394863516807813
1.2412572271704785
1.2419529282557167
1.2432494620963879
1.245399810905306
1.2459057753309337
1.248625334118683
1.2493210352039212
1.249352657980523
1.2509970423638133
1.2528627861833157
1.2529892772897226
1.253779846704766
1.2538430922579695
1.2554874766412598
1.2565942738223206
1.257258352130957
1.2582702809822126
1.2609582169933602
1.2615590497487932
1.2621598825042262
1.2628555835894644
1.2632350569086852
1.2647213274089668
1.2662075979092484
1.2664289573454606
1.2698125944418464
1.271172373835721
1.2713621104953314
1.2715518471549418
1.273575704857453
1.2747457475917172
1.2768960964006353
1.2773071924964579
1.2774969291560683
1.278002893581696
1.2791096907627568
1.2805959612630384
1.2805959612630384
1.2817660039973027
1.2825881961889478
1.2827463100719565
1.283884730029619
1.2844539400084503
1.2846436766680607
1.288691392073083
1.2888495059560916
1.2893554703817194
1.290841740882001
1.2910947230948149
1.293118580797326
1.29337156301014
1.2938142818825642
1.2956167801488632
1.2968500684363309
1.297545769521569
1.297672260627976
1.2989055489154437
1.2989371716920455
1.300075591649708
1.3002653283093184
1.3021626949054226
1.3027951504374573
1.302826773214059
1.3046608942569597
1.305957428097631
1.3067479975126743
1.3086769868853803
1.3094991790770254
1.3101000118324584
1.3106059762580862
1.3117760189923504
1.3126298339605973
1.313262289492632
1.3152861471951431
1.3154758838547536
1.317088645461442
1.317942460429689
1.3192389942703602
1.3213260975260748
1.3218004391751008
1.3228123680263564
1.3228123680263564
1.3232867096753824
1.3241405246436293
1.324899471282071
1.3259114001333265
1.3259430229099283
1.3290736777935002
1.3303385888575696
1.3306864394001887
1.3311924038258165
1.3343863042625919
1.3346709092520075
1.336283670858696
1.3367263897311203
1.337358845263155
1.337738318582376
1.3387186246570297
1.3405527456999304
1.3419757706470086
1.342513357849238
1.34418936500913
1.3451064255305805
1.3458653721690221
1.3481738348609489
1.3495336142548235
1.3511147530849104
1.3516207175105381
1.3521583047127677
1.3524429097021833
1.3528223830214041
1.3530121196810145
1.3542454079684823
1.3548146179473135
1.3550676001601274
1.3574393084052576
1.357755536171275
1.3585461055863184
1.3590520700119462
1.3599375077567948
1.3604750949590243
1.360981059384652
1.3621194793423146
1.3625938209913406
1.363384390406384
1.3636689953957997
1.364839038130064
1.3651552658960813
1.3658825897579212
1.3672739919283976
1.3673056147049993
1.3673688602582028
1.36841241188606
1.3684756574392636
1.3698354368331382
1.3708473656843938
1.3708473656843938
1.3734088105891344
1.3735353016955414
1.3744523622169917
1.374673721653204
1.3764762199195029
1.3766343338025115
1.3773932804409532
1.3777411309835723
1.3789111737178366
1.3790376648242435
1.3799231025690921
1.3815358641757807
1.3830853802292657
1.3839391951975126
1.3840656863039196
1.38498274682537
1.3858681845702185
1.3865006401022533
1.387860419496128
1.3890304622303922
1.3898526544220373
1.3900740138582495
1.391212433815912
1.3914970388053276
1.3918448893479467
1.3929200637524057
1.395418263103943
1.3957977364231637
1.3964618147318002
1.3973788752532506
1.3980745763384888
1.3988651457535322
1.3996240923919738
1.399845451828186
1.4005411529134242
1.401995800637104
1.4022171600733162
1.403323957254377
1.4041145266694204
1.4057905338293124
1.4059802704889228
1.4067392171273645
1.40775114597862
1.4100912314471485
1.4101228542237503
1.4107869325323867
1.4122099574794649
1.4128424130114996
1.4139492101925604
1.415308989586435
1.4153722351396385
1.4154038579162402
1.418787495012626
1.418913986119033
1.4193250822148555
1.4205583705023233
1.421538676576977
1.423119815407064
1.4236574026092934
1.4243214809179299
1.4253017869925837
1.425618014758601
1.426345338620441
1.4303298084722598
1.4308041501212858
1.4311203778873032
1.431499851206524
1.4329861217068056
1.4354843210583428
1.4356740577179532
1.437128705441633
1.4380773887396852
1.4382355026226938
1.4394371681335598
1.4395636592399668
1.4411764208466553
1.4417140080488848
1.4421883496979109
1.4450660223686689
1.4469950117413748
1.4472796167307904
1.449240228880098
1.4505367627207693
1.4513905776890161
1.4516119371252283
1.452718734306289
1.4538887770405533
1.454995574221614
1.4575886419029565
1.4576202646795582
1.4602133323609006
1.4604346917971127
1.460877410669537
1.4614466206483683
1.462079076180403
1.4630593822550568
1.4650199944043645
1.4653678449469836
1.4657156954896027
1.4664430193514426
1.467360079872893
1.468308763170945
1.4701745069904475
1.4711231902884996
1.471787268597136
1.4718505141503395
1.4749811690339114
1.4762460800979809
1.4773528772790416
1.4775109911620503
1.4778272189280677
1.4779537100344746
1.4783331833536955
1.480894628258436
1.4811792332478517
1.4821279165459038
1.4826338809715316
1.4833928276099733
1.483677432599389
1.4840569059186097
1.4845628703442375
1.4850688347698653
1.4868713330361643
1.4877251480044111
1.4878832618874198
1.4881994896534372
1.4887370768556667
1.4900968562495414
1.4909190484411865
1.4917728634094334
1.4919626000690438
1.4924369417180698
1.4927215467074855
1.4935753616757323
1.4944924221971827
1.4965479026762956
1.4969906215487199
1.4981606642829841
1.4997101803364692
1.4999315397726813
1.5011015825069456
1.5032519313158637
1.5051809206885696
1.5071415328378772
1.5073312694974876
1.5088807855509727
1.509797846072423
1.5107465293704752
1.5117584582217307
1.511853326551536
1.513054992062402
1.5137823159242418
1.5158377964033547
1.5163753836055842
1.5165967430417964
1.5181146363186797
1.5181778818718832
1.5182727502016884
1.5189684512869266
1.5202966079041995
1.5216247645214724
1.521909369510888
1.5230161666919488
1.5231426577983558
1.5231742805749575
1.526463049341538
1.526842522660759
1.526842522660759
1.5272536187565815
1.5284236614908457
1.5287715120334648
1.5303526508635517
1.5307321241827725
1.5332303235343097
1.5357285228858468
1.5364874695242885
1.5369934339499163
1.5376575122585527
1.539902729397276
1.540503562152709
1.5417368504401767
1.5424009287488132
1.5441718042385104
1.5451204875365625
1.5452786014195712
1.5455632064089868
1.5491682029415847
1.5504963595588577
1.5511604378674941
1.551413420080308
1.552615085591174
1.55381675110204
1.5554611354853303
1.5561568365705685
1.556567932666391
1.5579909576134692
1.5582123170496813
1.5604259114118029
1.561722445252474
1.5622600324547036
1.562576260220721
1.565453932891479
1.566655598402345
1.5669402033917605
1.5691854205304838
1.5696281394029081
1.570007612722129
1.5713990148926054
1.573011776499294
1.5730750220524974
1.573833968690939
1.57421344201016
1.575636466957238
1.5775022107767405
1.5782611574151821
1.5792098407132342
1.5804115062241002
1.5809490934263297
1.581992645054187
1.5826567233628235
1.5827832144692304
1.583668652214079
1.5845540899589277
1.5852181682675641
1.5859771149060058
1.5891077697895777
1.5891077697895777
1.5893291292257898
1.5929657485349895
1.5942622823756607
1.5952742112269163
1.5975510511422413
1.598183506674276
1.6002706099299906
1.6006500832492114
1.601662012100467
1.6021047309728913
1.6021679765260948
1.602863677611333
1.6051088947500562
1.6055199908458788
1.6058362186118962
1.6067532791333465
1.6073857346653813
1.6079233218676108
1.6080498129740177
1.6111172223043861
1.6111488450809879
1.6117813006130226
1.61209752837904
1.6124770016982608
1.6135521761027198
1.6167460765394952
1.6168725676459021
1.6187699342420063
1.6188648025718115
1.6188648025718115
1.6188648025718115
1.6212365108169418
1.6251261123389553
1.6255688312113796
1.6256953223177866
1.6259166817539987
1.6259799273072022
1.6267072511690421
1.6307549665740644
1.6326839559467703
1.6330950520425929
1.6330950520425929
1.6335377709150172
1.6380282051924637
1.6380914507456672
1.6381863190754724
1.6391033795969228
1.6397674579055592
1.6400204401183731
1.640399913437594
1.6433724544381572
1.643878418863785
1.6450168388214474
1.6468825826409499
1.6473253015133742
1.647831265939002
1.651657621907812
1.6523217002164485
1.6559266967490465
1.656590775057683
1.6571283622599124
1.657191607813116
1.6601957715902809
1.661492305430952
1.6627888392716232
1.6651289247401517
1.6668365546766455
1.6669946685596542
1.6674057646554767
1.668449316283334
1.668575807389741
1.6722124266989407
1.6726867683479667
1.673856811082231
1.6741730388482483
1.6749003627100882
1.675279836029309
1.6758490460081403
1.6762285193273612
1.6765763698699803
1.6792643058811279
1.6797070247535522
1.6798018930833574
1.6802762347323834
1.681414654690046
1.681762505232665
1.6835017579457605
1.6836282490521675
1.683912854041583
1.6846718006800248
1.6878973238934019
1.6882767972126227
1.6883400427658262
1.688719516085047
1.6891622349574713
1.6925774948304588
1.6940953881073422
1.6947594664159786
1.6975738935335332
1.6988388045976026
1.6990601640338148
1.6990917868104165
1.6996926195658495
1.702760028896218
1.7027916516728197
1.7029181427792266
1.7031711249920405
1.7041514310666943
1.7043727905029065
1.7048471321519325
1.7078829187056992
1.708135900918513
1.708515374237734
1.710539231940245
1.7114562924616954
1.7129109401853753
1.7133536590577996
1.7139861145898343
1.7151877801007003
1.7169270328137958
1.717970584441653
1.7187295310800947
1.7193619866121295
1.7196782143781468
1.7197414599313503
1.7206901432294024
1.7222712820594892
1.7227456237085153
1.7229986059213291
1.72337807924055
1.7236310614533639
1.7244216308684073
1.724801104187628
1.724801104187628
1.726856584666741
1.7297026345608972
1.7299556167737111
1.7299556167737111
1.7303034673163302
1.730935922848365
1.7312521506143823
1.7315683783803997
1.7340665777319368
1.7345409193809629
1.7346041649341664
1.7358690759982358
1.7360271898812445
1.7363750404238636
1.7380826703603574
1.7385886347859851
1.7386202575625869
1.7400749052862667
1.7408022291481067
1.7426679729676091
1.743395296829449
1.7443439801275011
1.744596962340315
1.744723453446722
1.7469054250322418
1.7474113894578696
1.7475378805642765
1.7476327488940817
1.7488976599581512
1.749277133277372
1.7495933610433894
1.7513958593096883
1.7514907276394935
1.7520915603949265
1.7531351120227838
1.7536726992250133
1.7536726992250133
1.7560760302467453
1.7568665996617887
1.7574990551938234
1.7600288773219623
1.7627484361097117
1.7642030838333915
1.7653098810144523
1.7660372048762922
1.7661636959826992
1.769072991430059
1.7693259736428728
1.7697370697386954
1.7706857530367475
1.7721404007604273
1.773025838505276
1.7740061445799298
1.7762829844952548
1.776630835037874
1.7778641233253416
1.778053859984952
1.7781171055381555
1.7782752194211642
1.7784649560807746
1.782860522028416
1.7829553903582211
1.783208372571035
1.7849476252841305
1.7853903441565548
1.785611703592767
1.7871295968696503
1.787888543508092
1.7879517890612955
1.7882047712741094
1.7883312623805163
1.7889320951359493
1.7909559528384604
1.7926003372217507
1.7933592838601924
1.7934225294133959
1.7938336255092184
1.7945293265944566
1.7957626148819243
1.7967429209565782
1.7970275259459938
1.7970907714991973
1.797849718137639
1.8002846719359726
1.8007906363616004
1.8018341879894577
1.8021820385320768
1.8027196257343063
1.8029093623939167
1.8029409851705185
1.8038580456919688
1.8043007645643931
1.8060400172774886
1.8064511133733112
1.807304928341558
1.8081271205332032
1.8130286509064724
1.813787597544914
1.8140722025343297
1.8150208858323817
1.8152106224919922
1.8174558396307154
1.8184993912585727
1.81881561902459
1.8193215834502179
1.81954294288643
1.8199856617588543
1.8212821955995255
1.8220095194613655
1.8228633344296123
1.8248871921321235
1.8248871921321235
1.8254880248875565
1.826025612089786
1.8260888576429894
1.8284605658881197
1.8289665303137475
1.829251135303163
1.8302630641544186
1.830452800814029
1.8331407368251766
1.8349116123148739
1.8362713917087485
1.8366508650279694
1.8374414344430128
1.837884153315437
1.8387695910602857
1.8390225732730996
1.8399080110179482
1.8415523954012385
1.8419002459438576
1.8435446303271479
1.8441138403059791
1.8442719541889878
1.8462009435616937
1.8463590574447024
1.8469598902001354
1.8483512923706118
1.8506913778391403
1.8511024739349629
1.8515135700307854
1.8523673849990323
1.8529682177544653
1.8535690505098983
1.8536006732865
1.8546126021377556
1.856478345957258
1.8577116342447257
1.857806502574531
1.858407335329964
1.8588500542023882
1.860684175245289
1.861506367436934
1.8619490863093584
1.8632456201500296
1.8635302251394452
1.8640678123416747
1.8648267589801164
1.8653959689589477
1.8662181611505928
1.8669771077890345
1.8682103960765022
1.8697282893533855
1.8708034637578446
1.8718786381623036
1.8726375848007453
1.8727324531305505
1.8734597769923904
1.8737760047584078
1.874946047492672
1.8750092930458755
1.8751041613756807
1.8751674069288842
1.8770331507483866
1.8780450795996422
1.878076702376244
1.8792151223339064
1.8803851650681707
1.8808595067171967
1.8817449444620453
1.8819979266748592
1.8825355138770887
1.8829149871963096
1.8831363466325217
1.8842115210369808
1.8849704676754224
1.8852866954414398
1.8853499409946433
1.887911385899384
1.88838572754841
1.8884173503250117
1.8885122186548169
1.892085592410813
1.8928445390492548
1.893413749028086
1.8934769945812895
1.8936667312409
1.8948367739751641
1.895216247294385
1.8958487028264197
1.8971136138904892
1.8979041833055326
1.8986631299439742
1.899643436018628
1.9012245748487149
1.9017305392743427
1.902647599795793
1.9031535642214208
1.9034065464342347
1.904323606955685
1.9056833863495597
1.908402945137309
1.9085610590203177
1.9085926817969194
1.9110908811484566
1.9110908811484566
1.9146010093512493
1.9151702193300806
1.9161189026281327
1.9173205681389986
1.918838461415882
1.9189965752988907
1.9196922763841289
1.919787144713934
1.920040126926748
1.9201033724799514
1.9223802123952765
1.9238032373423546
1.9242775789913806
1.9248784117468136
1.9250049028532206
1.9250049028532206
1.9255741128320518
1.925668981161857
1.9274082338749525
1.9285782766092168
1.9291158638114463
1.9305072659819227
1.9318670453757973
1.9324362553546286
1.9331952019930703
1.9335114297590876
1.9354087963551918
1.9356934013446074
1.9366104618660578
1.9380018640365342
1.939456511760214
1.939456511760214
1.9397411167496297
1.9412273872499113
1.941259010026513
1.9433144905056259
1.9453067254315353
1.9461605403997821
1.9473938286872499
1.948342511985302
1.9484373803151072
1.9486587397513193
1.9490382130705401
1.9511569391028565
1.9515047896454756
1.9519791312945016
1.9534654017947832
1.955173031731277
1.9554260139440909
1.9556157506037013
1.956121715029329
1.9563114516889395
1.9566593022315586
1.95960022045552
1.96032754431736
1.9605172809769704
1.9612129820622086
1.9619086831474468
1.9622881564666677
1.9629522347753041
1.9655136796800448
1.969213544542448
1.9694665267552618
1.9700989822872965
1.9731347688410632
1.9756329681926004
1.9763286692778386
1.9774354664588993
1.9777516942249167
1.9787320002995705
1.9789849825123844
1.981072085768099
1.9818310324065407
1.986100107247775
1.9864163350137924
1.9872385272054376
1.9877444916310654
1.9878077371842688
1.9885350610461088
1.9892940076845504
1.9915708475998755
1.991855452589291
1.9922033031319102
1.9924246625681223
1.992456285344724
1.9938793102918022
1.9966937374093567
1.9975475523776036
1.9977056662606123
1.9979586484734262
1.9987808406650713
1.9991286912076904
1.9992235595374956
2.0008995666973877
2.001816627218838
2.002891801623297
2.003998598804358
2.004472940453384
2.008868506401025
2.0091847341670426
2.0101334174650947
2.0112402146461554
2.0114931968589693
2.011556442412173
2.0128845990294457
2.012979467359251
2.013928150657303
2.0144973606361343
2.016679332221654
2.017406656083494
2.018386962158148
2.018987794913581
2.0192723999029965
2.019430513786005
2.021264634828906
2.0224030547865683
2.0236047202974343
2.0246798947018934
2.025913182989361
2.025944805765963
2.028063531798279
2.0301822578305955
2.030593353926418
2.0309095816924354
2.030972827245639
2.0311625639052493
2.0337556315865917
2.0342299732356177
2.0355897526294924
2.035969225948713
2.0379614608746226
2.0385939164066573
2.03900501250248
2.0391947491620903
2.0440646567587577
2.044507375631182
2.0446971122907924
2.0451714539398185
2.0462782511208792
2.0472269344189313
2.0492507921214425
2.051337895377157
2.0527292975476334
2.0537096036222873
2.0549745146863567
2.056713767399452
2.0575359595910974
2.05794705568692
2.0590538528679807
2.0590854756445824
2.0597811767298206
2.06250073551757
2.0626588494005786
2.063670778251834
2.06559976762454
2.0673390203376356
2.0680979669760773
2.0700902019019867
2.0709440168702336
2.071228621859649
2.0713234901894544
2.071829454615082
2.0722405507109047
2.073031120125948
2.073031120125948
2.074359276743221
2.074485767849628
2.074833618392247
2.0766044938819443
2.077015589977767
2.079039447680278
2.0799248854251267
2.0806838320635683
2.081948743127638
2.0823282164468586
2.0836563730641315
2.0850793980112097
2.086344309075279
2.086597291288093
2.087577597362747
2.088526280660799
2.0889689995332232
2.089696323395063
2.091878294980583
2.0921628999699986
2.0925423732892194
2.093902152683094
2.094281626002315
2.0973174125560816
2.0978233769817094
2.102313811259156
2.103262494557208
2.103515476770022
2.1040214411956497
2.104242800631862
2.107594814951646
2.1094605587711484
2.1096819182073605
2.1106306015054126
2.1106306015054126
2.111199811484244
2.1129074414207376
2.11331853751656
2.114077484155002
2.114425334697621
2.11550050910208
2.1158167368680973
2.1160380963043095
2.117303007368379
2.1186627867622536
2.1194217334006953
2.1196114700603057
2.1199909433795265
2.121160986113791
2.121635327762817
2.1232164665929036
2.1241019043377523
2.124987342082601
2.1257779114976443
2.1261257620402634
2.1263787442530773
2.1268530859021033
2.1270428225617137
2.1275171642107398
2.1280231286363676
2.12843422473219
2.1307743102007186
2.132260580701
2.132292203477602
2.1323554490308054
2.1330511501160436
2.1348852711589443
2.135865577233598
2.1360553138932086
2.1367826377550485
2.1374783388402867
2.1377313210531006
2.138395399361737
2.139344082659789
2.139502196542798
2.14354991194782
2.144150744703253
2.146301093512171
2.1474711362464354
2.1477873640124527
2.148135214555072
2.1491155206297257
2.1505701683534055
2.1518983249706785
2.1522777982898993
2.1527521399389253
2.153858937119986
2.1545230154286226
2.1560725314821076
2.1561041542587094
2.156388759248125
2.15721095143977
2.1574323108759823
2.1583493713974327
2.159013449706069
2.161669762940615
2.1623338412492514
2.163250901770702
2.163440638430312
2.1635355067601174
2.16631831110107
2.16631831110107
2.168025941037564
2.168278923250378
2.1693857204314386
2.1698600620804647
2.17159931479356
2.1726112436448157
2.1726112436448157
2.1739710230386904
2.1746983469005303
2.1750145746665477
2.1763427312838206
2.17688031848605
2.17688031848605
2.179536631720596
2.1818450944125227
2.1824775499445574
2.1837740837852286
2.183995443221441
2.1851971087323068
2.1863039059133675
2.186620133679385
2.1886756141584978
2.189371315243736
2.1898772796693637
2.1900037707757707
2.1904781124247967
2.191047322403628
2.1913635501696453
2.1914900412760523
2.1925652156805113
2.193924995074386
2.195506133904473
2.197024027181356
2.1979094649262048
2.198383806575231
2.198478674905036
2.1987949026710534
2.199680340415902
2.199680340415902
2.2008503831501662
2.2022417853206426
2.202652881416465
2.2039494152571364
2.204360511352959
2.20473998467218
2.2064792373852753
2.2070800701407083
2.2083766039813795
2.2086295861941934
2.2104004616838906
2.211064539992527
2.211412390535146
2.2116337499713583
2.213689230450471
2.214922518737939
2.2161874298020083
2.2185591380471386
2.2189069885897577
2.2201402768772254
2.220646241302853
2.2210889601752775
2.2221957573563382
2.223049572324585
2.223207686207594
2.224504220048265
2.2251366755802997
2.22750838382543
2.2283938215702785
2.229184390985322
2.2292160137619237
2.2292476365385254
2.2299433376237636
2.230512547602595
2.233263729166946
2.233390220273353
2.2336748252627685
2.234117544135193
2.234718376890626
2.2349713591034397
2.2360465335078987
2.236868725699544
2.237311444571968
2.2399045122533106
2.2405369677853453
2.2411378005407783
2.2418018788494147
2.242750562147467
2.2430351671368824
2.244521437637164
2.245248761499004
2.245470120935216
2.2455649892650213
2.246102576467251
2.2479683202867533
2.2489170035848054
2.248948626361407
2.2491699857976193
2.2492332313508228
2.2499605552126627
2.251478448489546
2.2517630534789617
2.2525220001174033
2.2531228328728363
2.2536920428516676
2.254008270617685
2.2541980072772954
2.255684277777577
2.255779146107382
2.2584038365653263
2.259731993182599
2.259763615959201
2.2605541853742444
2.260712299257253
2.2625464203001537
2.2629258936193746
2.2629575163959763
2.2644754096728597
2.2656770751837256
2.2661830396093534
2.2682068973118645
2.268776107290696
2.2697564133653496
2.2698829044717566
2.2705786055569948
2.2723811038232937
2.2751955309408483
2.2755117587068656
2.276428819228316
2.2769664064305455
2.2769980292071472
2.277851844175394
2.278009958058403
2.2797175879948965
2.28196280513362
2.2820260506868233
2.2841447767191396
2.284935346134183
2.2867062216238803
2.287212186049508
2.2878762643581445
2.288066001017755
2.2884770971135775
2.289267666528621
2.2912599014545303
2.2916077519971494
2.2923034530823876
2.292619680848405
2.2926829264016084
2.292841040284617
2.2930623997208293
2.2944854246679074
2.2977109478812845
2.2977109478812845
2.297774193434488
2.2983117806367175
2.3000826561264147
2.300430506669034
2.3008416027648564
2.3021697593821293
2.3022646277119345
2.3050474320528873
2.3057747559147272
2.306755061989381
2.307102912532
2.31001220797936
2.3105181724049877
2.3108027773944033
2.3115933468094467
2.31238391622449
2.312889880650118
2.313364222299144
2.31383856394817
2.314439396703603
2.3157991760974777
2.3166529910657245
2.3191511904172617
2.319688777619491
2.3198785142791016
2.320795574800552
2.321617766992197
2.322598073066851
2.3239894752373274
2.3243373257799465
2.324495439662955
2.3247167990991673
2.3258868418334315
2.3261082012696437
2.327278244003908
2.328732891727588
2.3290174967170034
2.330756749430099
2.3311362227493198
2.331452450515337
2.331578941621744
2.334836087611723
2.3353420520373507
2.3367966997610305
2.336859945314234
2.3376505147292774
2.338567575250728
2.3395795041019833
2.339958977421204
2.3420777034535205
2.343089632304776
2.3453348494434993
2.3460621733053393
2.3461570416351445
2.346947611050188
2.3473270843694087
2.347674934912028
2.350647475912591
2.3515645364340414
2.351596159210643
2.3518175186468553
2.3521653691894744
2.3532405435939334
2.3567190490201244
2.3572882589989557
2.3576993550947782
2.3581736967438043
2.358331810626813
2.3583634334034147
2.3589642661588477
2.3601659316697137
2.3613992199571814
2.361430842733783
2.361905184382809
2.363581191542701
2.3657947859048227
2.367660529724325
2.3681981169265547
2.368387853586165
2.370569825171685
2.3712339034803214
2.3718347362357544
2.3740799533744776
2.374396181140495
2.374870522789521
2.375091882225733
2.3769576260452356
2.3769576260452356
2.3772106082580495
2.378475519322119
2.378602010428526
2.3790447293009502
2.379803675939392
2.3816694197588943
2.382554857503743
2.383124067482574
2.384230864663635
2.3851163024084836
2.385432530174501
2.386381213472553
2.3886264306112763
2.38868967616448
2.389290508919913
2.3893221316965145
2.3895751139093284
2.390207569441363
2.390840024973398
2.391915199377857
2.392010067707662
2.3928006371227055
2.393559583761147
2.3951723453678357
2.395267213697641
2.3957099325700653
2.396437256431905
2.398018395261992
2.4008644451561483
2.4009276907093517
2.4015285234647847
2.4019079967840056
2.4024139612096334
2.40690439548708
2.4073154915829025
2.408200929327751
2.4083590432107598
2.4086120254235737
2.41218539917957
2.4134186874670376
2.413608424126648
2.4143989935416914
2.4152211857333366
2.4153476768397435
2.4193953922447657
2.4196483744575796
2.420059470553402
2.421039776628056
2.421767100489896
2.4240123176286192
2.424170431511628
2.42657376253336
2.4267634991929703
2.4284395063528623
2.428597620235871
2.4293565668743127
2.4300838907361526
2.4302103818425596
2.4304633640553734
2.4305582323851787
2.4341948516943783
2.43422647447098
2.434258097247582
2.4342897200241835
2.4359657271840756
2.4377682254503745
2.4377998482269763
2.4382741898760023
2.4388433998548336
2.441531335865981
2.4419740547384055
2.4435551935684923
2.4437765530047044
2.4440295352175183
2.4449782185155704
2.4461798840264364
2.4482353645055492
2.4487097061545753
2.4501011083250517
2.450543827197476
2.454275314836481
2.454749656485507
2.4550342614749225
2.455603471453754
2.455824830889966
2.458923862996936
2.460252019614209
2.4605366246036247
2.46227587731672
2.4633194289445774
2.4636672794871965
2.4656911371897077
2.4680944682114396
2.4688534148498813
2.4696439842649247
2.4701815714671542
2.4731541124677174
2.473913059106159
2.4740079274359643
2.4741344185423713
2.474387400755185
2.476569372340705
2.4776129239685623
2.477739415074969
2.4780556428409866
2.478371870607004
2.4803324827563116
2.4816922621501862
2.481850376033195
2.482577699895035
2.483146909873866
2.4840323476187147
2.484601557597546
2.485075899246572
2.486056205321226
2.486530546970252
2.4874476074917022
2.487700589704516
2.4898193157368325
2.4904201484922655
2.4910209812476984
2.492032910098954
2.4935508033758373
2.493930276695058
2.495163564982526
2.495890888844366
2.4965233443764006
2.49924290316415
2.5017094797390853
2.5023103124945183
2.5027530313669426
2.503448732452181
2.504365792973631
2.50544096737809
2.50689561510177
2.509678419442723
2.510500611634368
2.510595479964173
2.5106587255173767
2.511354426602615
2.511955259358048
2.51217661879426
2.5151175370182215
2.515307273677832
2.515876483656663
2.5164140708588927
2.5169200352845205
2.5183746830082003
2.51963959407227
2.5209993734661444
2.5216950745513826
2.5218531884343913
2.522707003402638
2.524161651126318
2.5268495871374657
2.527545288222704
2.5285572170739594
2.5285572170739594
2.529822128138029
2.532320327489566
2.53330063356422
2.535925324022164
2.536020192351969
2.538802996692922
2.5398465483207793
2.540984968278442
2.541933651576494
2.54240799322552
2.543483167629979
2.5437677726193946
2.5454754025558883
2.545854875875109
2.5481000930138324
2.549238512971495
2.549934214056733
2.550566669588768
2.550693160695175
2.551641843993227
2.5517050895464304
2.5526221500678807
2.5548357444300023
2.5549306127598075
2.5552784633024266
2.557049338792124
2.5578399082071672
2.558472363739202
2.558946705388228
2.5630576663464537
2.5634371396656745
2.5640379724211075
2.5650182784957614
2.5652712607085753
2.566599417325848
2.5686865205815628
2.5687181433581645
2.5692873533369958
2.5693189761135975
2.5705206416244635
2.5711214743798965
2.572512876550373
2.5736512965080354
2.5738726559442475
2.5741256381570614
2.5759281364233604
2.5765289691787934
2.5768451969448107
2.5773511613704385
2.5774776524768455
2.578015239679075
2.5785528268813045
2.579311773519746
2.5794066418495514
2.58174672731808
2.5831381294885563
2.5832013750417597
2.5834859800311754
2.5838338305737945
2.5841816811164136
2.5854782149570847
2.5857628199465004
2.5860790477125177
2.587249090446782
2.587343958776587
2.5882610192980375
2.5883875104044445
2.588450755957648
2.5886088698406566
2.5906327275431678
2.5910438236389903
2.591549788064618
2.59230873470306
2.5929728130116962
2.594585574618385
2.5961667134484716
2.5965461867676924
2.598981140566026
2.601131489374944
2.601510962694165
2.6031553470774553
2.604293767035118
2.604736485907542
2.6051792047799665
2.6056851692055942
2.608246614110335
2.6083098596635383
2.6090055607487765
2.6091320518551835
2.6103020945894477
2.610997795674686
2.6117883650897293
2.6132113900368075
2.6150138883031064
2.617480464878042
2.6206743653148172
2.6213700664000554
2.621528180283064
2.621654671389471
2.62200252193209
2.6226666002407266
2.6246904579432377
2.625006685709255
2.6269040523053593
2.62801084948642
2.6281689633694287
2.6298449705293208
2.6299714616357277
2.631710714348823
2.6322799243276545
2.6325329065404683
2.632817511529884
2.633513212615122
2.6337029492747326
2.6348097464557934
2.6348097464557934
2.6368019813817027
2.637371191360534
2.638794216307612
2.6398061451588677
2.639869390712071
2.6422410989572014
2.64239921284021
2.6425573267232187
2.6431581594786517
2.645276885510968
2.645782849936596
2.645877718266401
2.6482178037349295
2.648502408724345
2.650336529767246
2.650463020873653
2.6515698180547136
2.6521706508101466
2.652486878576164
2.6529928430017917
2.6541312629594542
2.6569773128536105
2.6575465228324417
2.657609768385645
2.6593490210987407
2.660044722183979
2.660297704396793
2.6611831421416414
2.66206857988649
2.663491604833568
2.663744587046382
2.664124060365603
2.6657051991956897
2.667223092472573
2.668045284664218
2.6690888362920755
2.6696580462709067
2.6698161601539154
2.6702905018029415
2.6712708078775953
2.6717451495266213
2.675128786623007
2.6757928649316436
2.676330452133873
2.6763936976870766
2.677563740421341
2.6777218543043495
2.677879968187358
2.678259441506579
2.679714089230259
2.68028329920909
2.6805679041985058
2.6818011924859735
2.6822755341349995
2.6824968935712117
2.6835720679756707
2.683666936305476
2.6848053562631384
2.6849002245929436
2.686196758433615
2.6865762317528357
2.6887265805617537
2.6892641677639832
2.6898017549662128
2.6899282460726197
2.690370964945044
2.6917307443389187
2.6949878903288975
2.6953673636481184
2.6955571003077288
2.6961895558397635
2.698529641308292
2.6988458690743093
2.699604815712751
2.699604815712751
2.700553499010803
2.7007748584470153
2.7016919189684656
2.702703847819721
2.7031465666921455
2.703209812245349
2.704284986649808
2.704379854979613
2.706182353245912
2.707036168214159
2.7072259048737695
2.7077002465227955
2.70978734977851
2.710135200321129
2.710261691427536
2.7109257697361726
2.7121274352470386
2.713740196853727
2.715542695120026
2.716143527875459
2.716491378418078
2.7171870795033164
2.7172819478331216
2.7180092716949615
2.719527164971845
2.7217091365573647
2.7226578198554168
2.723100538727841
2.7231954070576463
2.723827862589681
2.7261995708348112
2.726452553047625
2.7268636491434477
2.7269901402498546
2.729709699037604
2.729836190144011
2.7302472862398335
2.731512197303903
2.7317968022933186
2.7320497845061325
2.732808731144574
2.7339471511022366
2.7353069304961113
2.7357812721451373
2.7372991654220207
2.7385324537094884
2.7395760053373457
2.740493065858796
2.7405563114119995
2.7410306530610256
2.742896396880528
2.7436869662955714
2.7454578417852686
2.745521087338472
2.7455843328916756
2.745679201221481
2.745679201221481
2.7492841977540787
2.751624283222607
2.751655905999209
2.7530156853930836
2.7530473081696853
2.754059237020941
2.7555455075212225
2.756304454159664
2.758391557415379
2.75896076739421
2.7612059845329333
2.7613324756393403
2.764621244405921
2.7651272088315486
2.7665818565552285
2.7671510665340597
2.7688270736939518
2.770471458077242
2.771420141375294
2.7719577285775236
2.773380753524602
2.773728604067221
2.7770173728338015
2.779104476089516
2.7799899138343647
2.780685614919603
2.7813180704516376
2.7816659209942567
2.784511970888413
2.787136661346357
2.7879272307614005
2.7890024051658595
2.7894767468148856
2.7898245973575047
2.7928603839112713
2.793967181092332
2.794441522741358
2.7947893732839773
2.796402134890666
2.7965286259970727
2.797192704305709
2.797951650944151
2.7985841064761856
2.799722526433848
2.802157480232182
2.8029164268706235
2.8034223912962513
2.8048137934667277
2.8059205906477884
2.8063633095202127
2.807185501711858
2.808513658329131
2.8103161565954298
2.810664007138049
2.8115494448828975
2.811612690436101
2.813984398681231
2.814363872000452
2.815660405841123
2.8170518080115996
2.817842377426643
2.8183799646288725
2.8188543062778986
2.819771366799349
2.82106790064002
2.824198555523592
2.8258429399068823
2.8260326765664927
2.8270129826411465
2.8271394737475535
2.8289103492372507
2.8295428047692854
2.8299222780885063
2.8304914880673375
2.8328948190890695
2.8335905201743077
2.834033239046732
2.8346024490255632
2.8369425344940917
2.8373220078133126
2.839535602175434
2.8407056449096983
2.840863758792707
2.8418756876439626
2.842160292633378
2.8422235381865817
2.842444897622794
2.842539765952599
2.844247395889093
2.846998577453444
2.8477575240918855
2.8478840151982925
2.847915637974894
2.847915637974894
2.849148926262362
2.8495916451347862
2.8513308978478817
2.851520634507492
2.8522163355927304
2.8531333961141807
2.854777780497471
2.8555683499125144
2.855599972689116
2.8566435243169734
2.857181111519203
2.8605015030623853
2.860659616945394
2.8621458874456756
2.862715097424507
2.863410798509745
2.8656560156484683
2.867616627797776
2.8680593466702002
2.868818293308642
2.870146449925915
2.871348115436781
2.8719805709688155
2.8751112258523874
2.875269339735396
2.875775304161024
2.8773564429911107
2.877546179650721
2.877925652969942
2.878747845161587
2.8793170551404184
2.879949510672453
2.8817203861621503
2.882099859481371
2.8825109555771937
2.8835861299816528
2.8836493755348562
2.8843134538434927
2.885736478790571
2.8881714325889045
2.888234678142108
2.889531211982779
2.890290158621221
2.890511518057433
2.8919029202279094
2.8940532690368275
2.895286557324295
2.895286557324295
2.895666030643516
2.896962564484187
2.898417212207867
2.9003778243571747
2.900820543229599
2.9015162443148372
2.9019905859638633
2.9031922514747293
2.9042358031025866
2.904520408092002
2.906196415251894
2.9068604935605307
2.9072083441031498
2.9079672907415914
2.908884351263042
2.9108449634123494
2.9118885150402067
2.9126158389020467
2.9138491271895144
2.91486105604077
2.9154935115728047
2.9158729848920255
2.9159678532218307
2.916410572094255
2.917517369275316
2.917833597041333
2.9181814475839523
2.920489910275879
2.921090743031312
2.9214069707973294
2.9220078035527624
2.9227983729678058
2.9247273623405117
2.92542306342575
2.926593106160014
2.927320430021854
2.929502401607374
2.929723761043586
2.9297553838201877
2.932000600958911
2.93307577536337
2.9347201597466603
2.934751782523262
2.935826956927721
2.936554280789561
2.9379140601834357
2.9400011634391503
2.941107960620211
2.9416771705990423
2.9424044944608823
2.942530985567289
2.944459974939995
2.9449026938124194
2.9455983948976576
2.9459462454402767
2.947970103142788
2.9485076903450174
2.94964611030268
2.950215320281511
2.9506264163773337
2.9508793985901476
2.9527135196330483
2.9534092207182865
2.9539784306971177
2.954674131782356
2.9559074200698237
2.9601132493578546
2.9609354415494997
2.961156800985712
2.9615678970815345
2.961631142634738
2.9620738615071622
2.9628644309222056
2.9658685946993706
2.9664061819016
2.96786082962528
2.968082189061492
2.9687778901467303
2.970264160647012
2.9710231072854536
2.972193150019718
2.9723512639027265
2.9724777550091335
2.97624086542474
2.9769365665099783
2.9771263031695887
2.978865555882684
2.9801620897233554
2.980225335276559
2.9803834491595675
2.980668054148983
2.9807312997021866
2.9809842819150005
2.981774851330044
2.982723534628096
2.984304673458183
2.984652524000802
2.9851584884264297
2.9857593211818627
2.986708004479915
2.9876883105545686
2.987909669990781
2.9903446237891145
2.9904394921189197
2.9911984387573614
2.9917676487361926
2.9925265953746343
2.993159050906669
2.9951512858325784
2.995435890821994
2.995688873034808
2.996416196896648
2.99663755633286
2.9978075990671242
2.9995784745568215
3.001539086706129
3.0016339550359343
3.0020766739083586
3.004321891047082
3.0053021971217357
3.0056816704409566
3.0061876348665844
3.0063773715261948
3.008369606452104
3.0085909658883163
3.0092550441969528
3.0092550441969528
3.0092866669735545
3.010551578037624
3.012101094091109
3.012354076303923
3.012607058516737
3.0139352151340097
3.015832581730114
3.016180432272733
3.0171923611239886
3.0171923611239886
3.0181410444220407
3.0195008238159153
3.0213665676354178
3.025920247466068
3.026710816881111
3.027216781306739
3.028070596274986
3.0288611656900293
3.029493621222064
3.0309798917223456
3.03142261059477
3.032023443350203
3.032466162222627
3.0328140127652463
3.032972126648255
3.033098617754662
3.034173792159121
3.0358814220956147
3.037778788691719
3.038253130340745
3.0391701908621953
3.0399923830538405
3.040024005830442
3.0414470307775203
3.0428700557245985
3.042933301277802
3.0430914151608106
3.0435657568098367
3.0445144401078887
3.0446725539908974
3.0452733867463304
3.046380183927391
3.046981016682824
3.0476450949914606
3.049162988268344
3.049384347704556
3.0494792160343613
3.0506808815452273
3.0509022409814395
3.051787678726288
3.0524833798115263
3.053020967013756
3.0534004403329766
3.0534320631095784
3.0537482908755957
3.0540328958650114
3.0552029385992756
3.055867016907912
3.056119999120726
3.05637298133354
3.0573532874081937
3.0574797785146006
3.0588079351318735
3.059219031227696
3.060294205632155
3.0605155650683673
3.0608634156109864
3.06165398502603
3.062602668324082
3.0629821416433027
3.0636145971753375
3.0643419210371774
3.0645632804733896
3.0646897715797965
3.0654170954416364
3.0663657787396885
3.0681998997825892
3.0681998997825892
3.068705864208217
3.0687374869848187
3.06930669696365
3.070729721910728
3.072911693496248
3.073259544038867
3.0738603767943
3.074714191762547
3.074840682868954
3.0756312522839973
3.0774969961034997
3.0786037932845605
3.0807857648700803
3.08151308873192
3.084770234721899
3.085971900232765
3.087300056850038
3.0880906262650814
3.0882803629246918
3.0888179501269213
3.090873430606034
3.0915375089146706
3.0928972883085453
3.093276761627766
3.094857900457853
3.0969766264901692
3.0975458364690005
3.099506448618308
3.1000440358205377
3.1008029824589793
3.101308946884607
3.103143067927508
3.103143067927508
3.105166925630019
3.1070010466729197
3.1092778865882447
3.1094360004712533
3.1118393314929853
3.1131042425570548
3.114021303078505
3.115254591365973
3.1155075735787867
3.1156656874617954
3.1181955095899343
3.1181955095899343
3.1207885772712767
3.1223380933247618
3.1224013388779652
3.122654321090779
3.1240773460378573
3.124931161006104
3.125310634325325
3.12540550265513
3.127682342570455
3.128789139751516
3.1289788764111264
3.129358349730347
3.1294215952835507
3.1298326913793733
3.130844620230629
3.1329001007097417
3.133089837369352
3.134038520667404
3.13432312565682
3.1343547484334215
3.135714527827296
3.135841018933703
3.138402463838444
3.138845182710868
3.1399836026685306
3.1402365848813445
3.140299830434548
3.1422604425838556
3.142323688137059
3.143051011998899
3.143999695296951
3.144853510265198
3.145201360807817
3.14580219356325
3.1481739018083803
3.149533681202255
3.150229382287493
3.151304556691952
3.1523797310964112
3.152664336085827
3.1555736315331866
3.156237709841823
3.1566804287142474
3.1573761297994856
3.1583248130975377
3.159336741948793
3.160064065810633
3.1604119163532522
3.1615819590875165
